  40.0 *******       0.000000       0.000000     0.000000
   0.0 0.00000       0.000000       0.000000     0.000000
   0.0 0.00000       0.000000       0.000000     0.000000
   0.0 0.00000       0.000000       0.000000     0.000000
   0.0 ******* **************       0.000000     0.000000
   0.0 0.00000       0.000000       0.000000     0.000000
   0.0 0.00000       0.000000       0.000000     0.000000
   0.0 0.00000       0.000000       0.000000     0.000000
   0.0 0.00000      40.034302 **************     0.000000
   0.0 0.00000       0.000000       0.000000     0.000000
   0.0 0.00000       0.000000       0.000000     0.000000
   0.0 0.00000       0.000000       0.000000     0.000000
   0.0 0.00000       0.000000      40.034302 ************
   0.0 0.00000       0.000000       0.000000     0.000000
   0.0 0.00000       0.000000       0.000000     0.000000
   0.0 0.00000       0.000000       0.000000     0.000000
   0.0 0.00000       0.000000       0.000000    40.034302
****** 0.00000       0.000000       0.000000     0.000000
   0.0 0.00000       0.000000       0.000000     0.000000
   0.0 0.00000       0.000000       0.000000     0.000000
   0.0 0.00000       0.000000       0.000000     0.000000
  40.0 *******       0.000000       0.000000     0.000000
   0.0 0.00000       0.000000       0.000000     0.000000
   0.0 0.00000       0.000000       0.000000     0.000000
   0.0 0.00000       0.000000       0.000000     0.000000
   0.0 ******* **************       0.000000     0.000000
   0.0 0.00000       0.000000       0.000000     0.000000
   0.0 0.00000       0.000000       0.000000     0.000000
   0.0 0.00000       0.000000       0.000000     0.000000
   0.0 0.00000      40.034302 **************     0.000000
   0.0 0.00000       0.000000       0.000000     0.000000
   0.0 0.00000       0.000000       0.000000     0.000000
   0.0 0.00000       0.000000       0.000000     0.000000
   0.0 0.00000       0.000000      40.034302 ************
   0.0 0.00000       0.000000       0.000000     0.000000
   0.0 0.00000       0.000000       0.000000     0.000000
   0.0 0.00000       0.000000       0.000000     0.000000
   0.0 0.00000       0.000000       0.000000    40.034302
****** 0.00000       0.000000       0.000000     0.000000
   0.0 0.00000       0.000000       0.000000     0.000000
   0.0 0.00000       0.000000       0.000000     0.000000
   0.0 0.00000       0.000000       0.000000     0.000000
  40.0 *******       0.000000       0.000000     0.000000
   0.0 0.00000       0.000000       0.000000     0.000000
   0.0 0.00000       0.000000       0.000000     0.000000
   0.0 0.00000       0.000000       0.000000     0.000000
   0.0 ******* **************       0.000000     0.000000
   0.0 0.00000       0.000000       0.000000     0.000000
   0.0 0.00000       0.000000       0.000000     0.000000
   0.0 0.00000       0.000000       0.000000     0.000000
   0.0 0.00000      40.034302 **************     0.000000
   0.0 0.00000       0.000000       0.000000     0.000000
   0.0 0.00000       0.000000       0.000000     0.000000
   0.0 0.00000       0.000000       0.000000     0.000000
   0.0 0.00000       0.000000      40.034302 ************
   0.0 0.00000       0.000000       0.000000     0.000000
   0.0 0.00000       0.000000       0.000000     0.000000
   0.0 0.00000       0.000000       0.000000     0.000000
   0.0 0.00000       0.000000       0.000000    40.034302
****** 0.00000       0.000000       0.000000     0.000000
   0.0 0.00000       0.000000       0.000000     0.000000
   0.0 0.00000       0.000000       0.000000     0.000000
   0.0 0.00000       0.000000       0.000000     0.000000
  40.0 *******       0.000000       0.000000     0.000000
   0.0 0.00000       0.000000       0.000000     0.000000
   0.0 0.00000       0.000000       0.000000     0.000000
   0.0 0.00000       0.000000       0.000000     0.000000
   0.0 ******* **************       0.000000     0.000000
   0.0 0.00000       0.000000       0.000000     0.000000
   0.0 0.00000       0.000000       0.000000     0.000000
   0.0 0.00000       0.000000       0.000000     0.000000
   0.0 0.00000      40.034302 **************     0.000000
   0.0 0.00000       0.000000       0.000000     0.000000
   0.0 0.00000       0.000000       0.000000     0.000000
   0.0 0.00000       0.000000       0.000000     0.000000
   0.0 0.00000       0.000000      40.034302 ************
   0.0 0.00000       0.000000       0.000000     0.000000
   0.0 0.00000       0.000000       0.000000     0.000000
   0.0 0.00000       0.000000       0.000000     0.000000
   0.0 0.00000       0.000000       0.000000    40.034302
****** 0.00000       0.000000       0.000000     0.000000
   0.0 0.00000       0.000000       0.000000     0.000000
   0.0 0.00000       0.000000       0.000000     0.000000
   0.0 0.00000       0.000000       0.000000     0.000000
  40.0 *******       0.000000       0.000000     0.000000
   0.0 0.00000       0.000000       0.000000     0.000000
   0.0 0.00000       0.000000       0.000000     0.000000
   0.0 0.00000       0.000000       0.000000     0.000000
   0.0 ******* **************       0.000000     0.000000
   0.0 0.00000       0.000000       0.000000     0.000000
   0.0 0.00000       0.000000       0.000000     0.000000
   0.0 0.00000       0.000000       0.000000     0.000000
   0.0 0.00000      40.034302 **************     0.000000
   0.0 0.00000       0.000000       0.000000     0.000000
   0.0 0.00000       0.000000       0.000000     0.000000
   0.0 0.00000       0.000000       0.000000     0.000000
   0.0 0.00000       0.000000      40.034302 ************
   0.0 0.00000       0.000000       0.000000     0.000000
   0.0 0.00000       0.000000       0.000000     0.000000
   0.0 0.00000       0.000000       0.000000     0.000000
