#pCO2(bar)   Seff        FTIR            FTSOL        ALBEDO
#         0.0 0.69105 -194781.000000  281863.000000
#         0.0 0.39826 -116389.000000  292248.000000
#         0.0 0.29399  -87090.796875  296234.000000
#         5.0 0.28092  -83378.000000  296806.000000
#         0.0 0.27047  -80415.398438  297313.000000
#         5.0 0.26199  -78010.898438  297764.000000
#         0.0 0.25529  -76123.703125  298180.000000
#         5.0 0.24965  -74532.398438  298544.000000
#         0.0 0.24507  -73245.203125  298873.000000
#         5.0 0.24133  -72197.296875  299161.000000
#         0.0 0.23822  -71324.796875  299409.000000
#         0.0 0.23361  -70038.000000  299811.000000
#   1     0.0 0.22850  -68547.101562  299989.000000
#   1     0.0 0.22656  -67953.296875  299937.000000
#   1     0.0 0.22575  -67743.898438  300082.000000
#   2     0.0 0.22562  -67859.296875  300763.000000
#   2     0.0 0.22574  -68005.296875  301250.000000
#   3     0.0 0.22581  -68173.898438  301913.000000
#         0.0 0.00000       0.000000       0.000000
# # B     2.8 0.00000       0.000000       0.000000
