 # B4526                                                                                            
#pCO2(bar)   Seff        FTIR            FTSOL        ALBEDO                                        
    0.0    0.69105   -1.94781E+05    2.81863E+05    1.70992E-01                                     
    1.0    0.39826   -1.16389E+05    2.92248E+05    1.40447E-01                                     
    3.0    0.29399   -8.70908E+04    2.96234E+05    1.28725E-01                                     
    3.5    0.28092   -8.33780E+04    2.96806E+05    1.27041E-01                                     
    4.0    0.27047   -8.04154E+04    2.97313E+05    1.25551E-01                                     
    4.5    0.26199   -7.80109E+04    2.97764E+05    1.24225E-01                                     
    5.0    0.25529   -7.61237E+04    2.98180E+05    1.22999E-01                                     
    5.5    0.24965   -7.45324E+04    2.98544E+05    1.21928E-01                                     
    6.0    0.24507   -7.32452E+04    2.98873E+05    1.20961E-01                                     
    6.5    0.24133   -7.21973E+04    2.99161E+05    1.20113E-01                                     
    7.0    0.23822   -7.13248E+04    2.99409E+05    1.19384E-01                                     
    8.0    0.23361   -7.00380E+04    2.99811E+05    1.18204E-01                                     
   10.0    0.22850   -6.85471E+04    2.99989E+05    1.17680E-01                                     
   12.0    0.22656   -6.79533E+04    2.99937E+05    1.17831E-01                                     
   15.0    0.22575   -6.77439E+04    3.00082E+05    1.17405E-01                                     
   20.0    0.22562   -6.78593E+04    3.00763E+05    1.15402E-01                                     
   25.0    0.22574   -6.80053E+04    3.01250E+05    1.13971E-01                                     
   35.0    0.22581   -6.81739E+04    3.01913E+05    1.12021E-01                                     
                                                                                                    
 # B4528                                                                                            
#pCO2(bar)   Seff        FTIR            FTSOL        ALBEDO                                        
    0.0    0.69463   -1.94781E+05    2.80410E+05    1.75265E-01                                     
    1.0    0.40188   -1.16389E+05    2.89610E+05    1.48207E-01                                     
    3.0    0.29764   -8.70908E+04    2.92607E+05    1.39391E-01                                     
    3.5    0.28458   -8.33780E+04    2.92990E+05    1.38265E-01                                     
    4.0    0.27416   -8.04154E+04    2.93320E+05    1.37294E-01                                     
    4.5    0.26570   -7.80109E+04    2.93601E+05    1.36467E-01                                     
    5.0    0.25904   -7.61237E+04    2.93864E+05    1.35693E-01                                     
    5.5    0.25345   -7.45324E+04    2.94076E+05    1.35072E-01                                     
    6.0    0.24891   -7.32452E+04    2.94263E+05    1.34522E-01                                     
    6.5    0.24522   -7.21973E+04    2.94415E+05    1.34073E-01                                     
    7.0    0.24216   -7.13248E+04    2.94532E+05    1.33731E-01                                     
    8.0    0.23767   -7.00380E+04    2.94691E+05    1.33262E-01                                     
   10.0    0.23286   -6.85471E+04    2.94374E+05    1.34194E-01                                     
   12.0    0.23119   -6.79533E+04    2.93923E+05    1.35521E-01                                     
   15.0    0.23077   -6.77439E+04    2.93561E+05    1.36586E-01                                     
   20.0    0.23115   -6.78593E+04    2.93577E+05    1.36538E-01                                     
   25.0    0.23166   -6.80053E+04    2.93554E+05    1.36607E-01                                     
   35.0    0.23224   -6.81739E+04    2.93553E+05    1.36608E-01                                     
                                                                                                    
 # B4530                                                                                            
#pCO2(bar)   Seff        FTIR            FTSOL        ALBEDO                                        
    0.0    0.69983   -1.94781E+05    2.78326E+05    1.81395E-01                                     
    1.0    0.40650   -1.16389E+05    2.86319E+05    1.57886E-01                                     
    3.0    0.30218   -8.70908E+04    2.88207E+05    1.52333E-01                                     
    3.5    0.28913   -8.33780E+04    2.88373E+05    1.51843E-01                                     
    4.0    0.27873   -8.04154E+04    2.88502E+05    1.51465E-01                                     
    4.5    0.27032   -7.80109E+04    2.88590E+05    1.51205E-01                                     
    5.0    0.26370   -7.61237E+04    2.88680E+05    1.50942E-01                                     
    5.5    0.25815   -7.45324E+04    2.88718E+05    1.50828E-01                                     
    6.0    0.25367   -7.32452E+04    2.88746E+05    1.50746E-01                                     
    6.5    0.25004   -7.21973E+04    2.88747E+05    1.50745E-01                                     
    7.0    0.24704   -7.13248E+04    2.88717E+05    1.50832E-01                                     
    8.0    0.24268   -7.00380E+04    2.88608E+05    1.51152E-01                                     
   10.0    0.23820   -6.85471E+04    2.87775E+05    1.53604E-01                                     
   12.0    0.23685   -6.79533E+04    2.86904E+05    1.56164E-01                                     
   15.0    0.23686   -6.77439E+04    2.86013E+05    1.58786E-01                                     
   20.0    0.23782   -6.78593E+04    2.85335E+05    1.60780E-01                                     
   25.0    0.23880   -6.80053E+04    2.84780E+05    1.62411E-01                                     
   35.0    0.23998   -6.81739E+04    2.84078E+05    1.64476E-01                                     
                                                                                                    
 # B4532                                                                                            
#pCO2(bar)   Seff        FTIR            FTSOL        ALBEDO                                        
    0.0    0.70589   -1.94781E+05    2.75937E+05    1.88419E-01                                     
    1.0    0.41167   -1.16389E+05    2.82725E+05    1.68455E-01                                     
    3.0    0.30727   -8.70908E+04    2.83432E+05    1.66377E-01                                     
    3.5    0.29424   -8.33780E+04    2.83368E+05    1.66564E-01                                     
    4.0    0.28387   -8.04154E+04    2.83283E+05    1.66815E-01                                     
    4.5    0.27549   -7.80109E+04    2.83168E+05    1.67154E-01                                     
    5.0    0.26892   -7.61237E+04    2.83074E+05    1.67428E-01                                     
    5.5    0.26343   -7.45324E+04    2.82933E+05    1.67845E-01                                     
    6.0    0.25900   -7.32452E+04    2.82794E+05    1.68252E-01                                     
    6.5    0.25544   -7.21973E+04    2.82637E+05    1.68716E-01                                     
    7.0    0.25252   -7.13248E+04    2.82455E+05    1.69250E-01                                     
    8.0    0.24830   -7.00380E+04    2.82070E+05    1.70383E-01                                     
   10.0    0.24418   -6.85471E+04    2.80729E+05    1.74326E-01                                     
   12.0    0.24317   -6.79533E+04    2.79446E+05    1.78100E-01                                     
   15.0    0.24365   -6.77439E+04    2.78035E+05    1.82251E-01                                     
   20.0    0.24527   -6.78593E+04    2.76674E+05    1.86253E-01                                     
   25.0    0.24676   -6.80053E+04    2.75598E+05    1.89417E-01                                     
   35.0    0.24863   -6.81739E+04    2.74199E+05    1.93533E-01                                     
                                                                                                    
 # B4534                                                                                            
#pCO2(bar)   Seff        FTIR            FTSOL        ALBEDO                                        
    0.0    0.71150   -1.94781E+05    2.73762E+05    1.94817E-01                                     
    1.0    0.41641   -1.16389E+05    2.79504E+05    1.77928E-01                                     
    3.0    0.31199   -8.70908E+04    2.79147E+05    1.78981E-01                                     
    3.5    0.29898   -8.33780E+04    2.78877E+05    1.79775E-01                                     
    4.0    0.28864   -8.04154E+04    2.78601E+05    1.80586E-01                                     
    4.5    0.28031   -7.80109E+04    2.78304E+05    1.81458E-01                                     
    5.0    0.27378   -7.61237E+04    2.78049E+05    1.82208E-01                                     
    5.5    0.26835   -7.45324E+04    2.77748E+05    1.83093E-01                                     
    6.0    0.26398   -7.32452E+04    2.77464E+05    1.83930E-01                                     
    6.5    0.26048   -7.21973E+04    2.77167E+05    1.84802E-01                                     
    7.0    0.25763   -7.13248E+04    2.76853E+05    1.85726E-01                                     
    8.0    0.25355   -7.00380E+04    2.76227E+05    1.87569E-01                                     
   10.0    0.24975   -6.85471E+04    2.74460E+05    1.92763E-01                                     
   12.0    0.24907   -6.79533E+04    2.72831E+05    1.97556E-01                                     
   15.0    0.24999   -6.77439E+04    2.70983E+05    2.02990E-01                                     
   20.0    0.25222   -6.78593E+04    2.69048E+05    2.08683E-01                                     
   25.0    0.25419   -6.80053E+04    2.67535E+05    2.13133E-01                                     
   35.0    0.25673   -6.81739E+04    2.65546E+05    2.18982E-01                                     
                                                                                                    
 # B4536                                                                                            
#pCO2(bar)   Seff        FTIR            FTSOL        ALBEDO                                        
    0.0    0.71736   -1.94781E+05    2.71523E+05    2.01402E-01                                     
    1.0    0.42142   -1.16389E+05    2.76184E+05    1.87694E-01                                     
    3.0    0.31702   -8.70908E+04    2.74716E+05    1.92011E-01                                     
    3.5    0.30404   -8.33780E+04    2.74232E+05    1.93436E-01                                     
    4.0    0.29375   -8.04154E+04    2.73758E+05    1.94829E-01                                     
    4.5    0.28547   -7.80109E+04    2.73274E+05    1.96252E-01                                     
    5.0    0.27899   -7.61237E+04    2.72853E+05    1.97493E-01                                     
    5.5    0.27363   -7.45324E+04    2.72387E+05    1.98862E-01                                     
    6.0    0.26933   -7.32452E+04    2.71952E+05    2.00140E-01                                     
    6.5    0.26591   -7.21973E+04    2.71514E+05    2.01431E-01                                     
    7.0    0.26313   -7.13248E+04    2.71063E+05    2.02757E-01                                     
    8.0    0.25922   -7.00380E+04    2.70190E+05    2.05325E-01                                     
   10.0    0.25577   -6.85471E+04    2.67999E+05    2.11768E-01                                     
   12.0    0.25544   -6.79533E+04    2.66022E+05    2.17582E-01                                     
   15.0    0.25686   -6.77439E+04    2.63740E+05    2.24296E-01                                     
   20.0    0.25977   -6.78593E+04    2.61232E+05    2.31671E-01                                     
   25.0    0.26228   -6.80053E+04    2.59286E+05    2.37396E-01                                     
   35.0    0.26556   -6.81739E+04    2.56713E+05    2.44961E-01                                     
                                                                                                    
 # B4538                                                                                            
#pCO2(bar)   Seff        FTIR            FTSOL        ALBEDO                                        
    0.0    0.72369   -1.94781E+05    2.69149E+05    2.08384E-01                                     
    1.0    0.42679   -1.16389E+05    2.72709E+05    1.97913E-01                                     
    3.0    0.32246   -8.70908E+04    2.70084E+05    2.05636E-01                                     
    3.5    0.30952   -8.33780E+04    2.69375E+05    2.07720E-01                                     
    4.0    0.29928   -8.04154E+04    2.68695E+05    2.09720E-01                                     
    4.5    0.29107   -7.80109E+04    2.68016E+05    2.11717E-01                                     
    5.0    0.28466   -7.61237E+04    2.67421E+05    2.13467E-01                                     
    5.5    0.27937   -7.45324E+04    2.66785E+05    2.15338E-01                                     
    6.0    0.27516   -7.32452E+04    2.66195E+05    2.17074E-01                                     
    6.5    0.27182   -7.21973E+04    2.65608E+05    2.18799E-01                                     
    7.0    0.26913   -7.13248E+04    2.65017E+05    2.20539E-01                                     
    8.0    0.26541   -7.00380E+04    2.63889E+05    2.23857E-01                                     
   10.0    0.26236   -6.85471E+04    2.61268E+05    2.31565E-01                                     
   12.0    0.26243   -6.79533E+04    2.58939E+05    2.38414E-01                                     
   15.0    0.26440   -6.77439E+04    2.56217E+05    2.46422E-01                                     
   20.0    0.26808   -6.78593E+04    2.53132E+05    2.55493E-01                                     
   25.0    0.27121   -6.80053E+04    2.50752E+05    2.62495E-01                                     
   35.0    0.27535   -6.81739E+04    2.47591E+05    2.71791E-01                                     
                                                                                                    
 # B4540                                                                                            
#pCO2(bar)   Seff        FTIR            FTSOL        ALBEDO                                        
    0.0    0.72991   -1.94781E+05    2.66854E+05    2.15134E-01                                     
    1.0    0.43201   -1.16389E+05    2.69412E+05    2.07610E-01                                     
    3.0    0.32778   -8.70908E+04    2.65700E+05    2.18530E-01                                     
    3.5    0.31489   -8.33780E+04    2.64781E+05    2.21231E-01                                     
    4.0    0.30471   -8.04154E+04    2.63909E+05    2.23798E-01                                     
    4.5    0.29657   -7.80109E+04    2.63048E+05    2.26330E-01                                     
    5.0    0.29023   -7.61237E+04    2.62292E+05    2.28554E-01                                     
    5.5    0.28502   -7.45324E+04    2.61498E+05    2.30889E-01                                     
    6.0    0.28089   -7.32452E+04    2.60763E+05    2.33049E-01                                     
    6.5    0.27764   -7.21973E+04    2.60041E+05    2.35174E-01                                     
    7.0    0.27505   -7.13248E+04    2.59320E+05    2.37295E-01                                     
    8.0    0.27151   -7.00380E+04    2.57958E+05    2.41300E-01                                     
   10.0    0.26887   -6.85471E+04    2.54949E+05    2.50150E-01                                     
   12.0    0.26933   -6.79533E+04    2.52305E+05    2.57925E-01                                     
   15.0    0.27185   -6.77439E+04    2.49191E+05    2.67084E-01                                     
   20.0    0.27630   -6.78593E+04    2.45598E+05    2.77654E-01                                     
   25.0    0.28005   -6.80053E+04    2.42835E+05    2.85778E-01                                     
   35.0    0.28506   -6.81739E+04    2.39155E+05    2.96602E-01                                     
                                                                                                    
 # B4542                                                                                            
#pCO2(bar)   Seff        FTIR            FTSOL        ALBEDO                                        
    0.0    0.73674   -1.94781E+05    2.64381E+05    2.22408E-01                                     
    1.0    0.43780   -1.16389E+05    2.65850E+05    2.18089E-01                                     
    3.0    0.33370   -8.70908E+04    2.60982E+05    2.32405E-01                                     
    3.5    0.32088   -8.33780E+04    2.59844E+05    2.35754E-01                                     
    4.0    0.31076   -8.04154E+04    2.58769E+05    2.38914E-01                                     
    4.5    0.30270   -7.80109E+04    2.57719E+05    2.42004E-01                                     
    5.0    0.29644   -7.61237E+04    2.56795E+05    2.44721E-01                                     
    5.5    0.29133   -7.45324E+04    2.55836E+05    2.47540E-01                                     
    6.0    0.28729   -7.32452E+04    2.54953E+05    2.50139E-01                                     
    6.5    0.28414   -7.21973E+04    2.54090E+05    2.52678E-01                                     
    7.0    0.28166   -7.13248E+04    2.53234E+05    2.55193E-01                                     
    8.0    0.27834   -7.00380E+04    2.51632E+05    2.59907E-01                                     
   10.0    0.27615   -6.85471E+04    2.48223E+05    2.69932E-01                                     
   12.0    0.27707   -6.79533E+04    2.45256E+05    2.78659E-01                                     
   15.0    0.28023   -6.77439E+04    2.41744E+05    2.88988E-01                                     
   20.0    0.28555   -6.78593E+04    2.37640E+05    3.01059E-01                                     
   25.0    0.29000   -6.80053E+04    2.34501E+05    3.10290E-01                                     
   35.0    0.29600   -6.81739E+04    2.30315E+05    3.22604E-01                                     
                                                                                                    
 # B4544                                                                                            
#pCO2(bar)   Seff        FTIR            FTSOL        ALBEDO                                        
    0.0    0.74556   -1.94781E+05    2.61254E+05    2.31607E-01                                     
    1.0    0.44539   -1.16389E+05    2.61322E+05    2.31406E-01                                     
    3.0    0.34153   -8.70908E+04    2.54999E+05    2.50003E-01                                     
    3.5    0.32879   -8.33780E+04    2.53588E+05    2.54151E-01                                     
    4.0    0.31877   -8.04154E+04    2.52267E+05    2.58039E-01                                     
    4.5    0.31082   -7.80109E+04    2.50984E+05    2.61812E-01                                     
    5.0    0.30467   -7.61237E+04    2.49857E+05    2.65128E-01                                     
    5.5    0.29969   -7.45324E+04    2.48699E+05    2.68532E-01                                     
    6.0    0.29578   -7.32452E+04    2.47635E+05    2.71660E-01                                     
    6.5    0.29277   -7.21973E+04    2.46603E+05    2.74697E-01                                     
    7.0    0.29043   -7.13248E+04    2.45587E+05    2.77685E-01                                     
    8.0    0.28740   -7.00380E+04    2.43696E+05    2.83246E-01                                     
   10.0    0.28583   -6.85471E+04    2.39817E+05    2.94655E-01                                     
   12.0    0.28737   -6.79533E+04    2.36470E+05    3.04501E-01                                     
   15.0    0.29138   -6.77439E+04    2.32493E+05    3.16196E-01                                     
   20.0    0.29789   -6.78593E+04    2.27800E+05    3.29999E-01                                     
   25.0    0.30328   -6.80053E+04    2.24232E+05    3.40495E-01                                     
   35.0    0.31063   -6.81739E+04    2.19470E+05    3.54500E-01                                     
                                                                                                    
 # B4546                                                                                            
#pCO2(bar)   Seff        FTIR            FTSOL        ALBEDO                                        
    0.0    0.75621   -1.94781E+05    2.57574E+05    2.42429E-01                                     
    1.0    0.45475   -1.16389E+05    2.55941E+05    2.47232E-01                                     
    3.0    0.35123   -8.70908E+04    2.47963E+05    2.70698E-01                                     
    3.5    0.33859   -8.33780E+04    2.46252E+05    2.75731E-01                                     
    4.0    0.32869   -8.04154E+04    2.44658E+05    2.80418E-01                                     
    4.5    0.32087   -7.80109E+04    2.43122E+05    2.84935E-01                                     
    5.0    0.31486   -7.61237E+04    2.41773E+05    2.88903E-01                                     
    5.5    0.31003   -7.45324E+04    2.40400E+05    2.92941E-01                                     
    6.0    0.30628   -7.32452E+04    2.39142E+05    2.96642E-01                                     
    6.5    0.30344   -7.21973E+04    2.37927E+05    3.00216E-01                                     
    7.0    0.30128   -7.13248E+04    2.36738E+05    3.03712E-01                                     
    8.0    0.29862   -7.00380E+04    2.34538E+05    3.10183E-01                                     
   10.0    0.29784   -6.85471E+04    2.30147E+05    3.23097E-01                                     
   12.0    0.30017   -6.79533E+04    2.26386E+05    3.34159E-01                                     
   15.0    0.30528   -6.77439E+04    2.21909E+05    3.47326E-01                                     
   20.0    0.31330   -6.78593E+04    2.16594E+05    3.62958E-01                                     
   25.0    0.31991   -6.80053E+04    2.12579E+05    3.74768E-01                                     
   35.0    0.32897   -6.81739E+04    2.07234E+05    3.90489E-01                                     
                                                                                                    
 # B4548                                                                                            
#pCO2(bar)   Seff        FTIR            FTSOL        ALBEDO                                        
    0.0    0.76693   -1.94781E+05    2.53976E+05    2.53012E-01                                     
    1.0    0.46432   -1.16389E+05    2.50669E+05    2.62739E-01                                     
    3.0    0.36123   -8.70908E+04    2.41093E+05    2.90904E-01                                     
    3.5    0.34872   -8.33780E+04    2.39099E+05    2.96767E-01                                     
    4.0    0.33894   -8.04154E+04    2.37253E+05    3.02198E-01                                     
    4.5    0.33128   -7.80109E+04    2.35483E+05    3.07403E-01                                     
    5.0    0.32541   -7.61237E+04    2.33930E+05    3.11969E-01                                     
    5.5    0.32076   -7.45324E+04    2.32361E+05    3.16586E-01                                     
    6.0    0.31718   -7.32452E+04    2.30926E+05    3.20807E-01                                     
    6.5    0.31452   -7.21973E+04    2.29545E+05    3.24866E-01                                     
    7.0    0.31255   -7.13248E+04    2.28201E+05    3.28820E-01                                     
    8.0    0.31028   -7.00380E+04    2.25725E+05    3.36104E-01                                     
   10.0    0.31033   -6.85471E+04    2.20885E+05    3.50338E-01                                     
   12.0    0.31349   -6.79533E+04    2.16764E+05    3.62459E-01                                     
   15.0    0.31976   -6.77439E+04    2.11856E+05    3.76893E-01                                     
   20.0    0.32940   -6.78593E+04    2.06010E+05    3.94088E-01                                     
   25.0    0.33730   -6.80053E+04    2.01618E+05    4.07006E-01                                     
   35.0    0.34821   -6.81739E+04    1.95786E+05    4.24159E-01                                     
                                                                                                    
 # B4550                                                                                            
#pCO2(bar)   Seff        FTIR            FTSOL        ALBEDO                                        
    0.0    0.77713   -1.94781E+05    2.50642E+05    2.62816E-01                                     
    1.0    0.47355   -1.16389E+05    2.45779E+05    2.77122E-01                                     
    3.0    0.37101   -8.70908E+04    2.34740E+05    3.09587E-01                                     
    3.5    0.35862   -8.33780E+04    2.32495E+05    3.16191E-01                                     
    4.0    0.34899   -8.04154E+04    2.30424E+05    3.22281E-01                                     
    4.5    0.34148   -7.80109E+04    2.28449E+05    3.28092E-01                                     
    5.0    0.33576   -7.61237E+04    2.26718E+05    3.33181E-01                                     
    5.5    0.33129   -7.45324E+04    2.24978E+05    3.38301E-01                                     
    6.0    0.32788   -7.32452E+04    2.23390E+05    3.42971E-01                                     
    6.5    0.32541   -7.21973E+04    2.21868E+05    3.47448E-01                                     
    7.0    0.32363   -7.13248E+04    2.20390E+05    3.51793E-01                                     
    8.0    0.32175   -7.00380E+04    2.17678E+05    3.59769E-01                                     
   10.0    0.32263   -6.85471E+04    2.12466E+05    3.75100E-01                                     
   12.0    0.32662   -6.79533E+04    2.08049E+05    3.88091E-01                                     
   15.0    0.33406   -6.77439E+04    2.02790E+05    4.03560E-01                                     
   20.0    0.34532   -6.78593E+04    1.96513E+05    4.22021E-01                                     
   25.0    0.35453   -6.80053E+04    1.91819E+05    4.35827E-01                                     
   35.0    0.36732   -6.81739E+04    1.85597E+05    4.54125E-01                                     
                                                                                                    
 # B4552                                                                                            
#pCO2(bar)   Seff        FTIR            FTSOL        ALBEDO                                        
    0.0    0.78755   -1.94781E+05    2.47325E+05    2.72575E-01                                     
    1.0    0.48313   -1.16389E+05    2.40909E+05    2.91445E-01                                     
    3.0    0.38122   -8.70908E+04    2.28453E+05    3.28079E-01                                     
    3.5    0.36898   -8.33780E+04    2.25970E+05    3.35384E-01                                     
    4.0    0.35950   -8.04154E+04    2.23688E+05    3.42093E-01                                     
    4.5    0.35216   -7.80109E+04    2.21521E+05    3.48468E-01                                     
    5.0    0.34661   -7.61237E+04    2.19626E+05    3.54042E-01                                     
    5.5    0.34232   -7.45324E+04    2.17727E+05    3.59626E-01                                     
    6.0    0.33910   -7.32452E+04    2.15999E+05    3.64710E-01                                     
    6.5    0.33682   -7.21973E+04    2.14347E+05    3.69568E-01                                     
    7.0    0.33526   -7.13248E+04    2.12748E+05    3.74271E-01                                     
    8.0    0.33380   -7.00380E+04    2.09822E+05    3.82875E-01                                     
   10.0    0.33556   -6.85471E+04    2.04277E+05    3.99186E-01                                     
   12.0    0.34045   -6.79533E+04    1.99598E+05    4.12948E-01                                     
   15.0    0.34914   -6.77439E+04    1.94028E+05    4.29329E-01                                     
   20.0    0.36216   -6.78593E+04    1.87375E+05    4.48898E-01                                     
   25.0    0.37280   -6.80053E+04    1.82419E+05    4.63472E-01                                     
   35.0    0.38765   -6.81739E+04    1.75865E+05    4.82751E-01                                     
                                                                                                    
 # B4554                                                                                            
#pCO2(bar)   Seff        FTIR            FTSOL        ALBEDO                                        
    0.0    0.79751   -1.94781E+05    2.44236E+05    2.81660E-01                                     
    1.0    0.49238   -1.16389E+05    2.36382E+05    3.04760E-01                                     
    3.0    0.39116   -8.70908E+04    2.22646E+05    3.45159E-01                                     
    3.5    0.37907   -8.33780E+04    2.19952E+05    3.53081E-01                                     
    4.0    0.36975   -8.04154E+04    2.17487E+05    3.60331E-01                                     
    4.5    0.36258   -7.80109E+04    2.15153E+05    3.67196E-01                                     
    5.0    0.35719   -7.61237E+04    2.13116E+05    3.73188E-01                                     
    5.5    0.35310   -7.45324E+04    2.11082E+05    3.79170E-01                                     
    6.0    0.35006   -7.32452E+04    2.09234E+05    3.84606E-01                                     
    6.5    0.34799   -7.21973E+04    2.07472E+05    3.89789E-01                                     
    7.0    0.34662   -7.13248E+04    2.05770E+05    3.94794E-01                                     
    8.0    0.34558   -7.00380E+04    2.02666E+05    4.03925E-01                                     
   10.0    0.34823   -6.85471E+04    1.96846E+05    4.21041E-01                                     
   12.0    0.35401   -6.79533E+04    1.91954E+05    4.35430E-01                                     
   15.0    0.36395   -6.77439E+04    1.86135E+05    4.52545E-01                                     
   20.0    0.37872   -6.78593E+04    1.79180E+05    4.73000E-01                                     
   25.0    0.39079   -6.80053E+04    1.74019E+05    4.88179E-01                                     
   35.0    0.40773   -6.81739E+04    1.67204E+05    5.08223E-01                                     
                                                                                                    
 # B4556                                                                                            
#pCO2(bar)   Seff        FTIR            FTSOL        ALBEDO                                        
    0.0    0.80848   -1.94781E+05    2.40924E+05    2.91400E-01                                     
    1.0    0.50268   -1.16389E+05    2.31537E+05    3.19009E-01                                     
    3.0    0.40233   -8.70908E+04    2.16464E+05    3.63340E-01                                     
    3.5    0.39042   -8.33780E+04    2.13557E+05    3.71890E-01                                     
    4.0    0.38128   -8.04154E+04    2.10907E+05    3.79686E-01                                     
    4.5    0.37432   -7.80109E+04    2.08406E+05    3.87042E-01                                     
    5.0    0.36913   -7.61237E+04    2.06227E+05    3.93451E-01                                     
    5.5    0.36525   -7.45324E+04    2.04059E+05    3.99826E-01                                     
    6.0    0.36243   -7.32452E+04    2.02093E+05    4.05608E-01                                     
    6.5    0.36058   -7.21973E+04    2.00224E+05    4.11107E-01                                     
    7.0    0.35946   -7.13248E+04    1.98422E+05    4.16405E-01                                     
    8.0    0.35890   -7.00380E+04    1.95145E+05    4.26043E-01                                     
   10.0    0.36255   -6.85471E+04    1.89071E+05    4.43907E-01                                     
   12.0    0.36934   -6.79533E+04    1.83984E+05    4.58869E-01                                     
   15.0    0.38071   -6.77439E+04    1.77940E+05    4.76648E-01                                     
   20.0    0.39750   -6.78593E+04    1.70716E+05    4.97893E-01                                     
   25.0    0.41122   -6.80053E+04    1.65375E+05    5.13602E-01                                     
   35.0    0.43057   -6.81739E+04    1.58334E+05    5.34310E-01                                     
                                                                                                    
 # B4558                                                                                            
#pCO2(bar)   Seff        FTIR            FTSOL        ALBEDO                                        
    0.0    0.81842   -1.94781E+05    2.37996E+05    3.00011E-01                                     
    1.0    0.51212   -1.16389E+05    2.27272E+05    3.31554E-01                                     
    3.0    0.41262   -8.70908E+04    2.11066E+05    3.79216E-01                                     
    3.5    0.40089   -8.33780E+04    2.07983E+05    3.88285E-01                                     
    4.0    0.39193   -8.04154E+04    2.05180E+05    3.96529E-01                                     
    4.5    0.38516   -7.80109E+04    2.02543E+05    4.04285E-01                                     
    5.0    0.38014   -7.61237E+04    2.00249E+05    4.11031E-01                                     
    5.5    0.37648   -7.45324E+04    1.97974E+05    4.17723E-01                                     
    6.0    0.37386   -7.32452E+04    1.95914E+05    4.23781E-01                                     
    6.5    0.37223   -7.21973E+04    1.93959E+05    4.29533E-01                                     
    7.0    0.37133   -7.13248E+04    1.92079E+05    4.35063E-01                                     
    8.0    0.37123   -7.00380E+04    1.88665E+05    4.45102E-01                                     
   10.0    0.37582   -6.85471E+04    1.82396E+05    4.63541E-01                                     
   12.0    0.38357   -6.79533E+04    1.77161E+05    4.78939E-01                                     
   15.0    0.39629   -6.77439E+04    1.70947E+05    4.97215E-01                                     
   20.0    0.41498   -6.78593E+04    1.63524E+05    5.19048E-01                                     
   25.0    0.43027   -6.80053E+04    1.58051E+05    5.35144E-01                                     
   35.0    0.45194   -6.81739E+04    1.50848E+05    5.56330E-01                                     
                                                                                                    
 # B4560                                                                                            
#pCO2(bar)   Seff        FTIR            FTSOL        ALBEDO                                        
    0.0    0.82995   -1.94781E+05    2.34691E+05    3.09732E-01                                     
    1.0    0.52316   -1.16389E+05    2.22472E+05    3.45670E-01                                     
    3.0    0.42480   -8.70908E+04    2.05016E+05    3.97011E-01                                     
    3.5    0.41329   -8.33780E+04    2.01741E+05    4.06644E-01                                     
    4.0    0.40456   -8.04154E+04    1.98774E+05    4.15372E-01                                     
    4.5    0.39803   -7.80109E+04    1.95991E+05    4.23557E-01                                     
    5.0    0.39325   -7.61237E+04    1.93575E+05    4.30663E-01                                     
    5.5    0.38984   -7.45324E+04    1.91185E+05    4.37692E-01                                     
    6.0    0.38749   -7.32452E+04    1.89025E+05    4.44043E-01                                     
    6.5    0.38612   -7.21973E+04    1.86979E+05    4.50060E-01                                     
    7.0    0.38551   -7.13248E+04    1.85017E+05    4.55834E-01                                     
    8.0    0.38597   -7.00380E+04    1.81462E+05    4.66288E-01                                     
   10.0    0.39171   -6.85471E+04    1.74996E+05    4.85306E-01                                     
   12.0    0.40063   -6.79533E+04    1.69615E+05    5.01131E-01                                     
   15.0    0.41500   -6.77439E+04    1.63237E+05    5.19893E-01                                     
   20.0    0.43605   -6.78593E+04    1.55621E+05    5.42291E-01                                     
   25.0    0.45329   -6.80053E+04    1.50026E+05    5.58749E-01                                     
   35.0    0.47784   -6.81739E+04    1.42671E+05    5.80380E-01                                     
                                                                                                    
 # B4562                                                                                            
#pCO2(bar)   Seff        FTIR            FTSOL        ALBEDO                                        
    0.0    0.84029   -1.94781E+05    2.31803E+05    3.18226E-01                                     
    1.0    0.53316   -1.16389E+05    2.18300E+05    3.57940E-01                                     
    3.0    0.43591   -8.70908E+04    1.99792E+05    4.12377E-01                                     
    3.5    0.42462   -8.33780E+04    1.96359E+05    4.22475E-01                                     
    4.0    0.41611   -8.04154E+04    1.93256E+05    4.31600E-01                                     
    4.5    0.40982   -7.80109E+04    1.90354E+05    4.40136E-01                                     
    5.0    0.40526   -7.61237E+04    1.87839E+05    4.47533E-01                                     
    5.5    0.40210   -7.45324E+04    1.85357E+05    4.54834E-01                                     
    6.0    0.39999   -7.32452E+04    1.83117E+05    4.61421E-01                                     
    6.5    0.39888   -7.21973E+04    1.80999E+05    4.67650E-01                                     
    7.0    0.39853   -7.13248E+04    1.78971E+05    4.73616E-01                                     
    8.0    0.39952   -7.00380E+04    1.75305E+05    4.84398E-01                                     
   10.0    0.40635   -6.85471E+04    1.68689E+05    5.03856E-01                                     
   12.0    0.41638   -6.79533E+04    1.63199E+05    5.20002E-01                                     
   15.0    0.43232   -6.77439E+04    1.56699E+05    5.39120E-01                                     
   20.0    0.45560   -6.78593E+04    1.48945E+05    5.61927E-01                                     
   25.0    0.47469   -6.80053E+04    1.43263E+05    5.78639E-01                                     
   35.0    0.50200   -6.81739E+04    1.35804E+05    6.00578E-01                                     
                                                                                                    
 # B4564                                                                                            
#pCO2(bar)   Seff        FTIR            FTSOL        ALBEDO                                        
    0.0    0.85067   -1.94781E+05    2.28974E+05    3.26546E-01                                     
    1.0    0.54327   -1.16389E+05    2.14238E+05    3.69888E-01                                     
    3.0    0.44722   -8.70908E+04    1.94737E+05    4.27245E-01                                     
    3.5    0.43618   -8.33780E+04    1.91156E+05    4.37776E-01                                     
    4.0    0.42790   -8.04154E+04    1.87929E+05    4.47268E-01                                     
    4.5    0.42187   -7.80109E+04    1.84917E+05    4.56127E-01                                     
    5.0    0.41755   -7.61237E+04    1.82310E+05    4.63793E-01                                     
    5.5    0.41466   -7.45324E+04    1.79744E+05    4.71342E-01                                     
    6.0    0.41281   -7.32452E+04    1.77431E+05    4.78143E-01                                     
    6.5    0.41197   -7.21973E+04    1.75248E+05    4.84565E-01                                     
    7.0    0.41190   -7.13248E+04    1.73160E+05    4.90706E-01                                     
    8.0    0.41346   -7.00380E+04    1.69394E+05    5.01783E-01                                     
   10.0    0.42145   -6.85471E+04    1.62647E+05    5.21627E-01                                     
   12.0    0.43265   -6.79533E+04    1.57063E+05    5.38051E-01                                     
   15.0    0.45025   -6.77439E+04    1.50459E+05    5.57473E-01                                     
   20.0    0.47592   -6.78593E+04    1.42587E+05    5.80627E-01                                     
   25.0    0.49699   -6.80053E+04    1.36834E+05    5.97547E-01                                     
   35.0    0.52729   -6.81739E+04    1.29291E+05    6.19733E-01                                     
                                                                                                    
 # B4566                                                                                            
#pCO2(bar)   Seff        FTIR            FTSOL        ALBEDO                                        
    0.0    0.86075   -1.94781E+05    2.26291E+05    3.34438E-01                                     
    1.0    0.55316   -1.16389E+05    2.10410E+05    3.81148E-01                                     
    3.0    0.45837   -8.70908E+04    1.89999E+05    4.41179E-01                                     
    3.5    0.44758   -8.33780E+04    1.86285E+05    4.52102E-01                                     
    4.0    0.43956   -8.04154E+04    1.82945E+05    4.61926E-01                                     
    4.5    0.43379   -7.80109E+04    1.79834E+05    4.71075E-01                                     
    5.0    0.42972   -7.61237E+04    1.77146E+05    4.78981E-01                                     
    5.5    0.42711   -7.45324E+04    1.74504E+05    4.86752E-01                                     
    6.0    0.42553   -7.32452E+04    1.72127E+05    4.93744E-01                                     
    6.5    0.42498   -7.21973E+04    1.69886E+05    5.00336E-01                                     
    7.0    0.42520   -7.13248E+04    1.67745E+05    5.06631E-01                                     
    8.0    0.42735   -7.00380E+04    1.63891E+05    5.17968E-01                                     
   10.0    0.43652   -6.85471E+04    1.57032E+05    5.38142E-01                                     
   12.0    0.44893   -6.79533E+04    1.51368E+05    5.54799E-01                                     
   15.0    0.46824   -6.77439E+04    1.44679E+05    5.74474E-01                                     
   20.0    0.49637   -6.78593E+04    1.36710E+05    5.97911E-01                                     
   25.0    0.51952   -6.80053E+04    1.30901E+05    6.14996E-01                                     
   35.0    0.55294   -6.81739E+04    1.23293E+05    6.37373E-01                                     
                                                                                                    
 # B4568                                                                                            
#pCO2(bar)   Seff        FTIR            FTSOL        ALBEDO                                        
    0.0    0.87039   -1.94781E+05    2.23787E+05    3.41803E-01                                     
    1.0    0.56265   -1.16389E+05    2.06860E+05    3.91589E-01                                     
    3.0    0.46917   -8.70908E+04    1.85626E+05    4.54040E-01                                     
    3.5    0.45864   -8.33780E+04    1.81793E+05    4.65316E-01                                     
    4.0    0.45088   -8.04154E+04    1.78351E+05    4.75438E-01                                     
    4.5    0.44539   -7.80109E+04    1.75152E+05    4.84848E-01                                     
    5.0    0.44158   -7.61237E+04    1.72390E+05    4.92970E-01                                     
    5.5    0.43925   -7.45324E+04    1.69681E+05    5.00939E-01                                     
    6.0    0.43795   -7.32452E+04    1.67246E+05    5.08101E-01                                     
    6.5    0.43769   -7.21973E+04    1.64953E+05    5.14845E-01                                     
    7.0    0.43821   -7.13248E+04    1.62765E+05    5.21279E-01                                     
    8.0    0.44096   -7.00380E+04    1.58832E+05    5.32846E-01                                     
   10.0    0.45134   -6.85471E+04    1.51875E+05    5.53310E-01                                     
   12.0    0.46498   -6.79533E+04    1.46142E+05    5.70170E-01                                     
   15.0    0.48604   -6.77439E+04    1.39379E+05    5.90063E-01                                     
   20.0    0.51672   -6.78593E+04    1.31328E+05    6.13741E-01                                     
   25.0    0.54200   -6.80053E+04    1.25472E+05    6.30964E-01                                     
   35.0    0.57867   -6.81739E+04    1.17810E+05    6.53499E-01                                     
                                                                                                    
 # B4570                                                                                            
#pCO2(bar)   Seff        FTIR            FTSOL        ALBEDO                                        
    0.0    0.87812   -1.94781E+05    2.21815E+05    3.47602E-01                                     
    1.0    0.57038   -1.16389E+05    2.04057E+05    3.99833E-01                                     
    3.0    0.47816   -8.70908E+04    1.82139E+05    4.64297E-01                                     
    3.5    0.46788   -8.33780E+04    1.78202E+05    4.75876E-01                                     
    4.0    0.46038   -8.04154E+04    1.74673E+05    4.86256E-01                                     
    4.5    0.45515   -7.80109E+04    1.71396E+05    4.95894E-01                                     
    5.0    0.45159   -7.61237E+04    1.68570E+05    5.04206E-01                                     
    5.5    0.44953   -7.45324E+04    1.65800E+05    5.12352E-01                                     
    6.0    0.44849   -7.32452E+04    1.63313E+05    5.19666E-01                                     
    6.5    0.44850   -7.21973E+04    1.60974E+05    5.26548E-01                                     
    7.0    0.44931   -7.13248E+04    1.58744E+05    5.33106E-01                                     
    8.0    0.45262   -7.00380E+04    1.54740E+05    5.44884E-01                                     
   10.0    0.46413   -6.85471E+04    1.47689E+05    5.65620E-01                                     
   12.0    0.47891   -6.79533E+04    1.41890E+05    5.82675E-01                                     
   15.0    0.50161   -6.77439E+04    1.35054E+05    6.02783E-01                                     
   20.0    0.53466   -6.78593E+04    1.26920E+05    6.26705E-01                                     
   25.0    0.56196   -6.80053E+04    1.21015E+05    6.44073E-01                                     
   35.0    0.60174   -6.81739E+04    1.13294E+05    6.66782E-01                                     
                                                                                                    
 # B4572                                                                                            
#pCO2(bar)   Seff        FTIR            FTSOL        ALBEDO                                        
    0.0    0.88642   -1.94781E+05    2.19740E+05    3.53707E-01                                     
    1.0    0.57859   -1.16389E+05    2.01161E+05    4.08350E-01                                     
    3.0    0.48756   -8.70908E+04    1.78624E+05    4.74634E-01                                     
    3.5    0.47754   -8.33780E+04    1.74599E+05    4.86472E-01                                     
    4.0    0.47028   -8.04154E+04    1.70996E+05    4.97070E-01                                     
    4.5    0.46531   -7.80109E+04    1.67655E+05    5.06896E-01                                     
    5.0    0.46198   -7.61237E+04    1.64776E+05    5.15364E-01                                     
    5.5    0.46019   -7.45324E+04    1.61958E+05    5.23652E-01                                     
    6.0    0.45942   -7.32452E+04    1.59430E+05    5.31088E-01                                     
    6.5    0.45970   -7.21973E+04    1.57054E+05    5.38077E-01                                     
    7.0    0.46078   -7.13248E+04    1.54791E+05    5.44732E-01                                     
    8.0    0.46465   -7.00380E+04    1.50732E+05    5.56672E-01                                     
   10.0    0.47730   -6.85471E+04    1.43615E+05    5.77604E-01                                     
   12.0    0.49324   -6.79533E+04    1.37770E+05    5.94794E-01                                     
   15.0    0.51758   -6.77439E+04    1.30885E+05    6.15045E-01                                     
   20.0    0.55306   -6.78593E+04    1.22699E+05    6.39122E-01                                     
   25.0    0.58241   -6.80053E+04    1.16765E+05    6.56573E-01                                     
   35.0    0.62537   -6.81739E+04    1.09013E+05    6.79373E-01                                     
                                                                                                    
