 2600           1
 TGO        SEFF         PALB    FH2O              FTIR(1)         FTSO(1)
 ==================================================
 200.0     0.37634     0.29825 1.65680E-06          90.262         239.843
 220.0     0.48698     0.28825 3.73017E-06         118.465         243.262
 240.0     0.60716     0.26141 3.96908E-06         153.268         252.434
 260.0     0.71012     0.21835 7.50795E-06         189.710         267.151
 280.0     0.79874     0.16949 1.45593E-05         226.724         283.851
 300.0     0.82356     0.10554 1.90819E-05         251.768         305.708
 320.0     0.81604     0.05203 1.14061E-04         264.394         323.997
 340.0     0.81716     0.02856 1.99708E-03         271.313         332.019
 360.0     0.81450     0.01519 7.47152E-02         274.154         336.589
 380.0     0.81559     0.00810 2.89513E-01         276.493         339.010
 400.0     0.81686     0.00461 5.08837E-01         277.899         340.204
 420.0     0.81820     0.00313 6.70553E-01         278.767         340.709
 440.0     0.81927     0.00264 7.78154E-01         279.272         340.877
 460.0     0.82006     0.00248 8.49676E-01         279.585         340.933
 480.0     0.82071     0.00240 8.91268E-01         279.828         340.960
 500.0     0.82110     0.00235 9.18847E-01         279.975         340.976
 520.0     0.82148     0.00233 9.40632E-01         280.109         340.983
 540.0     0.82168     0.00232 9.54886E-01         280.183         340.987
 600.0     0.82260     0.00231 9.69314E-01         280.497         340.989
 720.0     0.82290     0.00231 9.64714E-01         280.601         340.990
 850.0     0.82217     0.00233 9.50983E-01         280.345         340.984
1060.0     0.82194     0.00227 9.31156E-01         280.283         341.003
1200.0     0.82225     0.00217 9.14777E-01         280.420         341.039
1400.0     0.83265     0.00200 8.91991E-01         284.013         341.096
1500.0     0.85006     0.00193 8.60395E-01         289.972         341.120
1600.0     0.88887     0.00183 9.47634E-01         303.241         341.155
1800.0     1.08881     0.00171 8.66125E-01         371.494         341.194
2000.0     1.67036     0.00162 9.13792E-01         569.969         341.226
 
 2800           2
 TGO        SEFF         PALB    FH2O              FTIR(1)         FTSO(1)
 ==================================================
 200.0     0.37722     0.29989 1.65680E-06          90.262         239.284
 220.0     0.48833     0.29021 3.73017E-06         118.465         242.593
 240.0     0.60921     0.26389 3.96908E-06         153.268         251.586
 260.0     0.71296     0.22147 7.50795E-06         189.710         266.087
 280.0     0.80219     0.17306 1.45593E-05         226.724         282.631
 300.0     0.82827     0.11063 1.90819E-05         251.768         303.968
 320.0     0.82111     0.05788 1.14061E-04         264.394         321.997
 340.0     0.82164     0.03386 1.99708E-03         271.313         330.208
 360.0     0.81826     0.01971 7.47152E-02         274.154         335.044
 380.0     0.81868     0.01184 2.89513E-01         276.493         337.732
 400.0     0.81943     0.00773 5.08837E-01         277.899         339.138
 420.0     0.82044     0.00586 6.70553E-01         278.767         339.776
 440.0     0.82133     0.00514 7.78154E-01         279.272         340.023
 460.0     0.82204     0.00489 8.49676E-01         279.585         340.109
 480.0     0.82267     0.00478 8.91268E-01         279.828         340.147
 500.0     0.82305     0.00471 9.18847E-01         279.975         340.169
 520.0     0.82342     0.00469 9.40632E-01         280.109         340.176
 540.0     0.82363     0.00467 9.54886E-01         280.183         340.182
 600.0     0.82455     0.00467 9.69314E-01         280.497         340.182
 720.0     0.82485     0.00467 9.64714E-01         280.601         340.185
 850.0     0.82412     0.00470 9.50983E-01         280.345         340.175
1060.0     0.82384     0.00457 9.31156E-01         280.283         340.217
1200.0     0.82406     0.00435 9.14777E-01         280.420         340.291
1400.0     0.83434     0.00403 8.91991E-01         284.013         340.403
1500.0     0.85174     0.00390 8.60395E-01         289.972         340.448
1600.0     0.89056     0.00372 9.47634E-01         303.241         340.507
1800.0     1.09079     0.00353 8.66125E-01         371.494         340.574
2000.0     1.67331     0.00338 9.13792E-01         569.969         340.624
 
 3000           3
 TGO        SEFF         PALB    FH2O              FTIR(1)         FTSO(1)
 ==================================================
 200.0     0.37847     0.30220 1.65680E-06          90.262         238.492
 220.0     0.49016     0.29286 3.73017E-06         118.465         241.687
 240.0     0.61216     0.26744 3.96908E-06         153.268         250.373
 260.0     0.71730     0.22617 7.50795E-06         189.710         264.479
 280.0     0.80764     0.17864 1.45593E-05         226.724         280.724
 300.0     0.83500     0.11779 1.90819E-05         251.768         301.521
 320.0     0.82787     0.06557 1.14061E-04         264.394         319.367
 340.0     0.82755     0.04076 1.99708E-03         271.313         327.850
 360.0     0.82329     0.02569 7.47152E-02         274.154         332.999
 380.0     0.82293     0.01695 2.89513E-01         276.493         335.985
 400.0     0.82313     0.01219 5.08837E-01         277.899         337.614
 420.0     0.82381     0.00992 6.70553E-01         278.767         338.389
 440.0     0.82451     0.00897 7.78154E-01         279.272         338.714
 460.0     0.82517     0.00865 8.49676E-01         279.585         338.823
 480.0     0.82579     0.00854 8.91268E-01         279.828         338.862
 500.0     0.82617     0.00847 9.18847E-01         279.975         338.883
 520.0     0.82656     0.00847 9.40632E-01         280.109         338.886
 540.0     0.82676     0.00845 9.54886E-01         280.183         338.893
 600.0     0.82770     0.00846 9.69314E-01         280.497         338.889
 720.0     0.82799     0.00844 9.64714E-01         280.601         338.893
 850.0     0.82727     0.00849 9.50983E-01         280.345         338.878
1060.0     0.82691     0.00827 9.31156E-01         280.283         338.953
1200.0     0.82701     0.00790 9.14777E-01         280.420         339.079
1400.0     0.83714     0.00736 8.91991E-01         284.013         339.264
1500.0     0.85453     0.00715 8.60395E-01         289.972         339.336
1600.0     0.89339     0.00688 9.47634E-01         303.241         339.428
1800.0     1.09413     0.00657 8.66125E-01         371.494         339.534
2000.0     1.67830     0.00635 9.13792E-01         569.969         339.610
 
 3200           4
 TGO        SEFF         PALB    FH2O              FTIR(1)         FTSO(1)
 ==================================================
 200.0     0.37986     0.30477 1.65680E-06          90.262         237.617
 220.0     0.49221     0.29580 3.73017E-06         118.465         240.681
 240.0     0.61552     0.27144 3.96908E-06         153.268         249.006
 260.0     0.72238     0.23161 7.50795E-06         189.710         262.620
 280.0     0.81422     0.18527 1.45593E-05         226.724         278.456
 300.0     0.84291     0.12607 1.90819E-05         251.768         298.690
 320.0     0.83570     0.07433 1.14061E-04         264.394         316.375
 340.0     0.83445     0.04869 1.99708E-03         271.313         325.138
 360.0     0.82926     0.03271 7.47152E-02         274.154         330.600
 380.0     0.82812     0.02311 2.89513E-01         276.493         333.880
 400.0     0.82776     0.01772 5.08837E-01         277.899         335.723
 420.0     0.82813     0.01509 6.70553E-01         278.767         336.621
 440.0     0.82867     0.01395 7.78154E-01         279.272         337.013
 460.0     0.82931     0.01360 8.49676E-01         279.585         337.131
 480.0     0.82996     0.01352 8.91268E-01         279.828         337.159
 500.0     0.83036     0.01348 9.18847E-01         279.975         337.171
 520.0     0.83078     0.01350 9.40632E-01         280.109         337.164
 540.0     0.83098     0.01349 9.54886E-01         280.183         337.169
 600.0     0.83194     0.01352 9.69314E-01         280.497         337.160
 720.0     0.83223     0.01350 9.64714E-01         280.601         337.167
 850.0     0.83153     0.01356 9.50983E-01         280.345         337.144
1060.0     0.83106     0.01323 9.31156E-01         280.283         337.259
1200.0     0.83101     0.01268 9.14777E-01         280.420         337.446
1400.0     0.84098     0.01188 8.91991E-01         284.013         337.718
1500.0     0.85836     0.01158 8.60395E-01         289.972         337.822
1600.0     0.89728     0.01119 9.47634E-01         303.241         337.954
1800.0     1.09874     0.01074 8.66125E-01         371.494         338.108
2000.0     1.68522     0.01043 9.13792E-01         569.969         338.216
 
 3400           5
 TGO        SEFF         PALB    FH2O              FTIR(1)         FTSO(1)
 ==================================================
 200.0     0.38113     0.30707 1.65680E-06          90.262         236.828
 220.0     0.49406     0.29844 3.73017E-06         118.465         239.778
 240.0     0.61858     0.27504 3.96908E-06         153.268         247.775
 260.0     0.72708     0.23658 7.50795E-06         189.710         260.922
 280.0     0.82042     0.19144 1.45593E-05         226.724         276.351
 300.0     0.85032     0.13369 1.90819E-05         251.768         296.087
 320.0     0.84303     0.08238 1.14061E-04         264.394         313.624
 340.0     0.84100     0.05610 1.99708E-03         271.313         322.607
 360.0     0.83502     0.03938 7.47152E-02         274.154         328.320
 380.0     0.83321     0.02908 2.89513E-01         276.493         331.842
 400.0     0.83240     0.02320 5.08837E-01         277.899         333.852
 420.0     0.83254     0.02030 6.70553E-01         278.767         334.841
 440.0     0.83296     0.01903 7.78154E-01         279.272         335.276
 460.0     0.83361     0.01870 8.49676E-01         279.585         335.390
 480.0     0.83432     0.01867 8.91268E-01         279.828         335.397
 500.0     0.83476     0.01868 9.18847E-01         279.975         335.395
 520.0     0.83521     0.01874 9.40632E-01         280.109         335.375
 540.0     0.83542     0.01873 9.54886E-01         280.183         335.378
 600.0     0.83640     0.01878 9.69314E-01         280.497         335.361
 720.0     0.83669     0.01875 9.64714E-01         280.601         335.370
 850.0     0.83600     0.01884 9.50983E-01         280.345         335.341
1060.0     0.83544     0.01839 9.31156E-01         280.283         335.494
1200.0     0.83523     0.01767 9.14777E-01         280.420         335.740
1400.0     0.84504     0.01664 8.91991E-01         284.013         336.093
1500.0     0.86243     0.01624 8.60395E-01         289.972         336.228
1600.0     0.90143     0.01574 9.47634E-01         303.241         336.398
1800.0     1.10367     0.01516 8.66125E-01         371.494         336.598
2000.0     1.69262     0.01475 9.13792E-01         569.969         336.737
 
 3600           6
 TGO        SEFF         PALB    FH2O              FTIR(1)         FTSO(1)
 ==================================================
 200.0     0.38239     0.30936 1.65680E-06          90.262         236.048
 220.0     0.49590     0.30105 3.73017E-06         118.465         238.888
 240.0     0.62164     0.27862 3.96908E-06         153.268         246.554
 260.0     0.73191     0.24162 7.50795E-06         189.710         259.199
 280.0     0.82696     0.19783 1.45593E-05         226.724         274.166
 300.0     0.85820     0.14164 1.90819E-05         251.768         293.368
 320.0     0.85091     0.09087 1.14061E-04         264.394         310.721
 340.0     0.84809     0.06398 1.99708E-03         271.313         319.912
 360.0     0.84127     0.04651 7.47152E-02         274.154         325.882
 380.0     0.83875     0.03549 2.89513E-01         276.493         329.649
 400.0     0.83749     0.02913 5.08837E-01         277.899         331.823
 420.0     0.83740     0.02599 6.70553E-01         278.767         332.897
 440.0     0.83772     0.02460 7.78154E-01         279.272         333.370
 460.0     0.83840     0.02430 8.49676E-01         279.585         333.473
 480.0     0.83918     0.02436 8.91268E-01         279.828         333.455
 500.0     0.83967     0.02442 9.18847E-01         279.975         333.434
 520.0     0.84016     0.02452 9.40632E-01         280.109         333.398
 540.0     0.84039     0.02452 9.54886E-01         280.183         333.398
 600.0     0.84139     0.02460 9.69314E-01         280.497         333.373
 720.0     0.84167     0.02456 9.64714E-01         280.601         333.385
 850.0     0.84100     0.02467 9.50983E-01         280.345         333.349
1060.0     0.84032     0.02410 9.31156E-01         280.283         333.543
1200.0     0.83995     0.02319 9.14777E-01         280.420         333.852
1400.0     0.84959     0.02190 8.91991E-01         284.013         334.294
1500.0     0.86698     0.02141 8.60395E-01         289.972         334.461
1600.0     0.90608     0.02079 9.47634E-01         303.241         334.674
1800.0     1.10919     0.02006 8.66125E-01         371.494         334.924
2000.0     1.70091     0.01955 9.13792E-01         569.969         335.097
 
 3800           7
 TGO        SEFF         PALB    FH2O              FTIR(1)         FTSO(1)
 ==================================================
 200.0     0.38371     0.31174 1.65680E-06          90.262         235.233
 220.0     0.49783     0.30376 3.73017E-06         118.465         237.961
 240.0     0.62487     0.28234 3.96908E-06         153.268         245.280
 260.0     0.73708     0.24694 7.50795E-06         189.710         257.380
 280.0     0.83407     0.20467 1.45593E-05         226.724         271.828
 300.0     0.86679     0.15015 1.90819E-05         251.768         290.460
 320.0     0.85950     0.09996 1.14061E-04         264.394         307.616
 340.0     0.85580     0.07242 1.99708E-03         271.313         317.028
 360.0     0.84806     0.05416 7.47152E-02         274.154         323.270
 380.0     0.84479     0.04239 2.89513E-01         276.493         327.292
 400.0     0.84306     0.03554 5.08837E-01         277.899         329.633
 420.0     0.84273     0.03215 6.70553E-01         278.767         330.790
 440.0     0.84296     0.03067 7.78154E-01         279.272         331.298
 460.0     0.84368     0.03041 8.49676E-01         279.585         331.386
 480.0     0.84455     0.03056 8.91268E-01         279.828         331.336
 500.0     0.84510     0.03069 9.18847E-01         279.975         331.292
 520.0     0.84564     0.03084 9.40632E-01         280.109         331.239
 540.0     0.84587     0.03085 9.54886E-01         280.183         331.234
 600.0     0.84691     0.03095 9.69314E-01         280.497         331.201
 720.0     0.84718     0.03091 9.64714E-01         280.601         331.216
 850.0     0.84652     0.03104 9.50983E-01         280.345         331.172
1060.0     0.84573     0.03034 9.31156E-01         280.283         331.411
1200.0     0.84518     0.02923 9.14777E-01         280.420         331.789
1400.0     0.85462     0.02766 8.91991E-01         284.013         332.326
1500.0     0.87202     0.02706 8.60395E-01         289.972         332.529
1600.0     0.91121     0.02631 9.47634E-01         303.241         332.788
1800.0     1.11528     0.02541 8.66125E-01         371.494         333.093
2000.0     1.71006     0.02480 9.13792E-01         569.969         333.303
 
 4000           8
 TGO        SEFF         PALB    FH2O              FTIR(1)         FTSO(1)
 ==================================================
 200.0     0.38507     0.31417 1.65680E-06          90.262         234.404
 220.0     0.49980     0.30650 3.73017E-06         118.465         237.023
 240.0     0.62812     0.28606 3.96908E-06         153.268         244.012
 260.0     0.74221     0.25214 7.50795E-06         189.710         255.603
 280.0     0.84111     0.21133 1.45593E-05         226.724         269.553
 300.0     0.87527     0.15838 1.90819E-05         251.768         287.647
 320.0     0.86793     0.10870 1.14061E-04         264.394         304.627
 340.0     0.86339     0.08057 1.99708E-03         271.313         314.241
 360.0     0.85479     0.06159 7.47152E-02         274.154         320.728
 380.0     0.85082     0.04917 2.89513E-01         276.493         324.973
 400.0     0.84868     0.04193 5.08837E-01         277.899         327.449
 420.0     0.84818     0.03837 6.70553E-01         278.767         328.665
 440.0     0.84837     0.03684 7.78154E-01         279.272         329.187
 460.0     0.84917     0.03667 8.49676E-01         279.585         329.247
 480.0     0.85014     0.03693 8.91268E-01         279.828         329.157
 500.0     0.85077     0.03714 9.18847E-01         279.975         329.085
 520.0     0.85137     0.03736 9.40632E-01         280.109         329.011
 540.0     0.85161     0.03739 9.54886E-01         280.183         329.002
 600.0     0.85268     0.03751 9.69314E-01         280.497         328.958
 720.0     0.85295     0.03746 9.64714E-01         280.601         328.977
 850.0     0.85231     0.03761 9.50983E-01         280.345         328.925
1060.0     0.85139     0.03679 9.31156E-01         280.283         329.207
1200.0     0.85066     0.03549 9.14777E-01         280.420         329.650
1400.0     0.85993     0.03366 8.91991E-01         284.013         330.276
1500.0     0.87734     0.03297 8.60395E-01         289.972         330.512
1600.0     0.91665     0.03208 9.47634E-01         303.241         330.815
1800.0     1.12175     0.03103 8.66125E-01         371.494         331.173
2000.0     1.71978     0.03031 9.13792E-01         569.969         331.419
 
 4200           9
 TGO        SEFF         PALB    FH2O              FTIR(1)         FTSO(1)
 ==================================================
 200.0     0.38660     0.31689 1.65680E-06          90.262         233.473
 220.0     0.50203     0.30958 3.73017E-06         118.465         235.971
 240.0     0.63176     0.29016 3.96908E-06         153.268         242.607
 260.0     0.74784     0.25777 7.50795E-06         189.710         253.678
 280.0     0.84876     0.21843 1.45593E-05         226.724         267.125
 300.0     0.88445     0.16712 1.90819E-05         251.768         284.661
 320.0     0.87720     0.11812 1.14061E-04         264.394         301.408
 340.0     0.87181     0.08945 1.99708E-03         271.313         311.208
 360.0     0.86226     0.06972 7.47152E-02         274.154         317.950
 380.0     0.85757     0.05666 2.89513E-01         276.493         322.415
 400.0     0.85504     0.04905 5.08837E-01         277.899         325.015
 420.0     0.85441     0.04539 6.70553E-01         278.767         326.267
 440.0     0.85461     0.04388 7.78154E-01         279.272         326.781
 460.0     0.85554     0.04384 8.49676E-01         279.585         326.794
 480.0     0.85666     0.04427 8.91268E-01         279.828         326.650
 500.0     0.85740     0.04459 9.18847E-01         279.975         326.540
 520.0     0.85807     0.04488 9.40632E-01         280.109         326.440
 540.0     0.85834     0.04493 9.54886E-01         280.183         326.422
 600.0     0.85946     0.04510 9.69314E-01         280.497         326.366
 720.0     0.85972     0.04503 9.64714E-01         280.601         326.388
 850.0     0.85909     0.04521 9.50983E-01         280.345         326.327
1060.0     0.85804     0.04425 9.31156E-01         280.283         326.654
1200.0     0.85713     0.04277 9.14777E-01         280.420         327.163
1400.0     0.86621     0.04067 8.91991E-01         284.013         327.879
1500.0     0.88366     0.03988 8.60395E-01         289.972         328.149
1600.0     0.92311     0.03886 9.47634E-01         303.241         328.498
1800.0     1.12946     0.03765 8.66125E-01         371.494         328.912
2000.0     1.73139     0.03682 9.13792E-01         569.969         329.197
 
 4400         10
 TGO        SEFF         PALB    FH2O              FTIR(1)         FTSO(1)
 ==================================================
 200.0     0.38863     0.32044 1.65680E-06          90.262         232.259
 220.0     0.50495     0.31357 3.73017E-06         118.465         234.607
 240.0     0.63647     0.29542 3.96908E-06         153.268         240.811
 260.0     0.75509     0.26490 7.50795E-06         189.710         251.241
 280.0     0.85860     0.22739 1.45593E-05         226.724         264.063
 300.0     0.89630     0.17813 1.90819E-05         251.768         280.899
 320.0     0.88933     0.13015 1.14061E-04         264.394         297.296
 340.0     0.88302     0.10101 1.99708E-03         271.313         307.257
 360.0     0.87236     0.08050 7.47152E-02         274.154         314.268
 380.0     0.86686     0.06677 2.89513E-01         276.493         318.960
 400.0     0.86394     0.05886 5.08837E-01         277.899         321.663
 420.0     0.86329     0.05520 6.70553E-01         278.767         322.913
 440.0     0.86362     0.05385 7.78154E-01         279.272         323.375
 460.0     0.86480     0.05408 8.49676E-01         279.585         323.296
 480.0     0.86618     0.05477 8.91268E-01         279.828         323.061
 500.0     0.86709     0.05527 9.18847E-01         279.975         322.890
 520.0     0.86789     0.05568 9.40632E-01         280.109         322.748
 540.0     0.86820     0.05578 9.54886E-01         280.183         322.715
 600.0     0.86939     0.05601 9.69314E-01         280.497         322.636
 720.0     0.86965     0.05594 9.64714E-01         280.601         322.661
 850.0     0.86904     0.05615 9.50983E-01         280.345         322.590
1060.0     0.86783     0.05503 9.31156E-01         280.283         322.972
1200.0     0.86667     0.05331 9.14777E-01         280.420         323.559
1400.0     0.87555     0.05091 8.91991E-01         284.013         324.381
1500.0     0.89307     0.05000 8.60395E-01         289.972         324.690
1600.0     0.93277     0.04881 9.47634E-01         303.241         325.097
1800.0     1.14102     0.04740 8.66125E-01         371.494         325.581
2000.0     1.74884     0.04642 9.13792E-01         569.969         325.913
 
 4600          11
 TGO        SEFF         PALB    FH2O              FTIR(1)         FTSO(1)
 ==================================================
 200.0     0.39112     0.32478 1.65680E-06          90.262         230.777
 220.0     0.50854     0.31842 3.73017E-06         118.465         232.949
 240.0     0.64224     0.30176 3.96908E-06         153.268         238.645
 260.0     0.76387     0.27335 7.50795E-06         189.710         248.355
 280.0     0.87025     0.23773 1.45593E-05         226.724         260.527
 300.0     0.91020     0.19069 1.90819E-05         251.768         276.607
 320.0     0.90383     0.14411 1.14061E-04         264.394         292.526
 340.0     0.89665     0.11468 1.99708E-03         271.313         302.584
 360.0     0.88483     0.09345 7.47152E-02         274.154         309.839
 380.0     0.87854     0.07918 2.89513E-01         276.493         314.718
 400.0     0.87535     0.07113 5.08837E-01         277.899         317.470
 420.0     0.87484     0.06767 6.70553E-01         278.767         318.651
 440.0     0.87548     0.06667 7.78154E-01         279.272         318.992
 460.0     0.87708     0.06733 8.49676E-01         279.585         318.767
 480.0     0.87885     0.06840 8.91268E-01         279.828         318.402
 500.0     0.88003     0.06916 9.18847E-01         279.975         318.143
 520.0     0.88101     0.06974 9.40632E-01         280.109         317.942
 540.0     0.88139     0.06991 9.54886E-01         280.183         317.886
 600.0     0.88270     0.07024 9.69314E-01         280.497         317.771
 720.0     0.88295     0.07017 9.64714E-01         280.601         317.798
 850.0     0.88238     0.07041 9.50983E-01         280.345         317.716
1060.0     0.88097     0.06913 9.31156E-01         280.283         318.152
1200.0     0.87957     0.06719 9.14777E-01         280.420         318.816
1400.0     0.88826     0.06448 8.91991E-01         284.013         319.741
1500.0     0.90591     0.06346 8.60395E-01         289.972         320.089
1600.0     0.94599     0.06210 9.47634E-01         303.241         320.556
1800.0     1.15689     0.06047 8.66125E-01         371.494         321.113
2000.0     1.77287     0.05935 9.13792E-01         569.969         321.495
 
 4800         12
 TGO        SEFF         PALB    FH2O              FTIR(1)         FTSO(1)
 ==================================================
 200.0     0.39374     0.32928 1.65680E-06          90.262         229.240
 220.0     0.51227     0.32338 3.73017E-06         118.465         231.254
 240.0     0.64812     0.30809 3.96908E-06         153.268         236.482
 260.0     0.77268     0.28163 7.50795E-06         189.710         245.524
 280.0     0.88192     0.24782 1.45593E-05         226.724         257.080
 300.0     0.92416     0.20291 1.90819E-05         251.768         272.428
 320.0     0.91856     0.15783 1.14061E-04         264.394         287.836
 340.0     0.91079     0.12842 1.99708E-03         271.313         297.889
 360.0     0.89808     0.10683 7.47152E-02         274.154         305.268
 380.0     0.89126     0.09232 2.89513E-01         276.493         310.228
 400.0     0.88803     0.08438 5.08837E-01         277.899         312.940
 420.0     0.88785     0.08134 6.70553E-01         278.767         313.979
 440.0     0.88900     0.08087 7.78154E-01         279.272         314.142
 460.0     0.89116     0.08207 8.49676E-01         279.585         313.731
 480.0     0.89343     0.08360 8.91268E-01         279.828         313.208
 500.0     0.89493     0.08466 9.18847E-01         279.975         312.845
 520.0     0.89613     0.08545 9.40632E-01         280.109         312.575
 540.0     0.89662     0.08570 9.54886E-01         280.183         312.489
 600.0     0.89808     0.08616 9.69314E-01         280.497         312.330
 720.0     0.89833     0.08609 9.64714E-01         280.601         312.357
 850.0     0.89778     0.08636 9.50983E-01         280.345         312.263
1060.0     0.89620     0.08495 9.31156E-01         280.283         312.747
1200.0     0.89455     0.08281 9.14777E-01         280.420         313.478
1400.0     0.90309     0.07985 8.91991E-01         284.013         314.489
1500.0     0.92092     0.07873 8.60395E-01         289.972         314.872
1600.0     0.96147     0.07720 9.47634E-01         303.241         315.393
1800.0     1.17554     0.07537 8.66125E-01         371.494         316.019
2000.0     1.80115     0.07412 9.13792E-01         569.969         316.447
 
 5000          13
 TGO        SEFF         PALB    FH2O              FTIR(1)         FTSO(1)
 ==================================================
 200.0     0.39634     0.33366 1.65680E-06          90.262         227.740
 220.0     0.51591     0.32816 3.73017E-06         118.465         229.622
 240.0     0.65374     0.31404 3.96908E-06         153.268         234.447
 260.0     0.78102     0.28930 7.50795E-06         189.710         242.901
 280.0     0.89301     0.25716 1.45593E-05         226.724         253.888
 300.0     0.93749     0.21424 1.90819E-05         251.768         268.555
 320.0     0.93275     0.17064 1.14061E-04         264.394         283.457
 340.0     0.92464     0.14147 1.99708E-03         271.313         293.427
 360.0     0.91133     0.11981 7.47152E-02         274.154         300.829
 380.0     0.90423     0.10534 2.89513E-01         276.493         305.778
 400.0     0.90116     0.09772 5.08837E-01         277.899         308.379
 420.0     0.90151     0.09525 6.70553E-01         278.767         309.224
 440.0     0.90329     0.09541 7.78154E-01         279.272         309.170
 460.0     0.90612     0.09722 8.49676E-01         279.585         308.552
 480.0     0.90895     0.09924 8.91268E-01         279.828         307.860
 500.0     0.91082     0.10063 9.18847E-01         279.975         307.386
 520.0     0.91228     0.10163 9.40632E-01         280.109         307.043
 540.0     0.91288     0.10199 9.54886E-01         280.183         306.922
 600.0     0.91452     0.10259 9.69314E-01         280.497         306.716
 720.0     0.91478     0.10252 9.64714E-01         280.601         306.740
 850.0     0.91426     0.10282 9.50983E-01         280.345         306.636
1060.0     0.91250     0.10129 9.31156E-01         280.283         307.159
1200.0     0.91062     0.09900 9.14777E-01         280.420         307.944
1400.0     0.91906     0.09584 8.91991E-01         284.013         309.025
1500.0     0.93710     0.09463 8.60395E-01         289.972         309.436
1600.0     0.97818     0.09297 9.47634E-01         303.241         310.004
1800.0     1.19570     0.09096 8.66125E-01         371.494         310.690
2000.0     1.83176     0.08959 9.13792E-01         569.969         311.160
 
 5200          14
 TGO        SEFF         PALB    FH2O              FTIR(1)         FTSO(1)
 ==================================================
 200.0     0.39907     0.33823 1.65680E-06          90.262         226.179
 220.0     0.51971     0.33307 3.73017E-06         118.465         227.943
 240.0     0.65953     0.32006 3.96908E-06         153.268         232.390
 260.0     0.78951     0.29695 7.50795E-06         189.710         240.288
 280.0     0.90427     0.26641 1.45593E-05         226.724         250.726
 300.0     0.95104     0.22544 1.90819E-05         251.768         264.729
 320.0     0.94728     0.18336 1.14061E-04         264.394         279.109
 340.0     0.93900     0.15461 1.99708E-03         271.313         288.937
 360.0     0.92529     0.13310 7.47152E-02         274.154         296.290
 380.0     0.91811     0.11886 2.89513E-01         276.493         301.154
 400.0     0.91541     0.11177 5.08837E-01         277.899         303.579
 420.0     0.91647     0.11003 6.70553E-01         278.767         304.175
 440.0     0.91907     0.11094 7.78154E-01         279.272         303.864
 460.0     0.92269     0.11343 8.49676E-01         279.585         303.011
 480.0     0.92617     0.11599 8.91268E-01         279.828         302.135
 500.0     0.92848     0.11774 9.18847E-01         279.975         301.540
 520.0     0.93023     0.11897 9.40632E-01         280.109         301.117
 540.0     0.93097     0.11944 9.54886E-01         280.183         300.957
 600.0     0.93283     0.12021 9.69314E-01         280.497         300.696
 720.0     0.93311     0.12015 9.64714E-01         280.601         300.716
 850.0     0.93261     0.12048 9.50983E-01         280.345         300.602
1060.0     0.93069     0.11885 9.31156E-01         280.283         301.158
1200.0     0.92858     0.11643 9.14777E-01         280.420         301.988
1400.0     0.93695     0.11310 8.91991E-01         284.013         303.125
1500.0     0.95524     0.11183 8.60395E-01         289.972         303.559
1600.0     0.99694     0.11004 9.47634E-01         303.241         304.170
1800.0     1.21837     0.10787 8.66125E-01         371.494         304.911
2000.0     1.86620     0.10639 9.13792E-01         569.969         305.416
 
 5400          15
 TGO        SEFF         PALB    FH2O              FTIR(1)         FTSO(1)
 ==================================================
 200.0     0.40177     0.34268 1.65680E-06          90.262         224.658
 220.0     0.52343     0.33781 3.73017E-06         118.465         226.323
 240.0     0.66510     0.32575 3.96908E-06         153.268         230.444
 260.0     0.79760     0.30408 7.50795E-06         189.710         237.851
 280.0     0.91497     0.27499 1.45593E-05         226.724         247.792
 300.0     0.96393     0.23580 1.90819E-05         251.768         261.189
 320.0     0.96119     0.19519 1.14061E-04         264.394         275.069
 340.0     0.95293     0.16697 1.99708E-03         271.313         284.713
 360.0     0.93903     0.14578 7.47152E-02         274.154         291.954
 380.0     0.93198     0.13198 2.89513E-01         276.493         296.673
 400.0     0.92982     0.12554 5.08837E-01         277.899         298.873
 420.0     0.93175     0.12462 6.70553E-01         278.767         299.187
 440.0     0.93528     0.12634 7.78154E-01         279.272         298.598
 460.0     0.93977     0.12955 8.49676E-01         279.585         297.503
 480.0     0.94396     0.13265 8.91268E-01         279.828         296.441
 500.0     0.94675     0.13476 9.18847E-01         279.975         295.723
 520.0     0.94882     0.13623 9.40632E-01         280.109         295.220
 540.0     0.94971     0.13682 9.54886E-01         280.183         295.019
 600.0     0.95180     0.13775 9.69314E-01         280.497         294.701
 720.0     0.95211     0.13770 9.64714E-01         280.601         294.716
 850.0     0.95163     0.13806 9.50983E-01         280.345         294.593
1060.0     0.94955     0.13636 9.31156E-01         280.283         295.174
1200.0     0.94725     0.13384 9.14777E-01         280.420         296.036
1400.0     0.95558     0.13039 8.91991E-01         284.013         297.215
1500.0     0.97415     0.12907 8.60395E-01         289.972         297.668
1600.0     1.01652     0.12718 9.47634E-01         303.241         298.314
1800.0     1.24204     0.12488 8.66125E-01         371.494         299.100
2000.0     1.90221     0.12331 9.13792E-01         569.969         299.635
 
 5600          16
 TGO        SEFF         PALB    FH2O              FTIR(1)         FTSO(1)
 ==================================================
 200.0     0.40485     0.34767 1.65680E-06          90.262         222.952
 220.0     0.52762     0.34307 3.73017E-06         118.465         224.527
 240.0     0.67127     0.33195 3.96908E-06         153.268         228.326
 260.0     0.80646     0.31172 7.50795E-06         189.710         235.238
 280.0     0.92672     0.28418 1.45593E-05         226.724         244.651
 300.0     0.97814     0.24690 1.90819E-05         251.768         257.395
 320.0     0.97665     0.20792 1.14061E-04         264.394         270.716
 340.0     0.96860     0.18044 1.99708E-03         271.313         280.107
 360.0     0.95471     0.15981 7.47152E-02         274.154         287.159
 380.0     0.94802     0.14666 2.89513E-01         276.493         291.653
 400.0     0.94668     0.14111 5.08837E-01         277.899         293.552
 420.0     0.94975     0.14121 6.70553E-01         278.767         293.516
 440.0     0.95448     0.14392 7.78154E-01         279.272         292.591
 460.0     0.96007     0.14795 8.49676E-01         279.585         291.212
 480.0     0.96514     0.15169 8.91268E-01         279.828         289.935
 500.0     0.96852     0.15421 9.18847E-01         279.975         289.075
 520.0     0.97098     0.15595 9.40632E-01         280.109         288.480
 540.0     0.97208     0.15668 9.54886E-01         280.183         288.231
 600.0     0.97447     0.15780 9.69314E-01         280.497         287.846
 720.0     0.97481     0.15778 9.64714E-01         280.601         287.853
 850.0     0.97436     0.15816 9.50983E-01         280.345         287.722
1060.0     0.97211     0.15640 9.31156E-01         280.283         288.325
1200.0     0.96959     0.15380 9.14777E-01         280.420         289.215
1400.0     0.97791     0.15025 8.91991E-01         284.013         290.428
1500.0     0.99682     0.14887 8.60395E-01         289.972         290.898
1600.0     1.04000     0.14688 9.47634E-01         303.241         291.578
1800.0     1.27046     0.14445 8.66125E-01         371.494         292.408
2000.0     1.94547     0.14280 9.13792E-01         569.969         292.973
 
 5800          17
 TGO        SEFF         PALB    FH2O              FTIR(1)         FTSO(1)
 ==================================================
 200.0     0.40771     0.35224 1.65680E-06          90.262         221.389
 220.0     0.53149     0.34785 3.73017E-06         118.465         222.891
 240.0     0.67691     0.33751 3.96908E-06         153.268         226.425
 260.0     0.81448     0.31850 7.50795E-06         189.710         232.922
 280.0     0.93732     0.29228 1.45593E-05         226.724         241.885
 300.0     0.99095     0.25663 1.90819E-05         251.768         254.068
 320.0     0.99065     0.21912 1.14061E-04         264.394         266.890
 340.0     0.98293     0.19239 1.99708E-03         271.313         276.026
 360.0     0.96920     0.17237 7.47152E-02         274.154         282.866
 380.0     0.96299     0.15993 2.89513E-01         276.493         287.118
 400.0     0.96255     0.15527 5.08837E-01         277.899         288.712
 420.0     0.96682     0.15637 6.70553E-01         278.767         288.334
 440.0     0.97277     0.16001 7.78154E-01         279.272         287.090
 460.0     0.97946     0.16482 8.49676E-01         279.585         285.447
 480.0     0.98541     0.16913 8.91268E-01         279.828         283.973
 500.0     0.98937     0.17203 9.18847E-01         279.975         282.983
 520.0     0.99222     0.17401 9.40632E-01         280.109         282.305
 540.0     0.99352     0.17488 9.54886E-01         280.183         282.010
 600.0     0.99621     0.17618 9.69314E-01         280.497         281.564
 720.0     0.99659     0.17619 9.64714E-01         280.601         281.562
 850.0     0.99616     0.17659 9.50983E-01         280.345         281.424
1060.0     0.99377     0.17479 9.31156E-01         280.283         282.041
1200.0     0.99106     0.17213 9.14777E-01         280.420         282.950
1400.0     0.99939     0.16851 8.91991E-01         284.013         284.185
1500.0     1.01864     0.16710 8.60395E-01         289.972         284.666
1600.0     1.06262     0.16504 9.47634E-01         303.241         285.372
1800.0     1.29785     0.16251 8.66125E-01         371.494         286.237
2000.0     1.98718     0.16079 9.13792E-01         569.969         286.823
 
 6000          18
 TGO        SEFF         PALB    FH2O              FTIR(1)         FTSO(1)
 ==================================================
 200.0     0.41108     0.35755 1.65680E-06          90.262         219.575
 220.0     0.53603     0.35337 3.73017E-06         118.465         221.005
 240.0     0.68344     0.34385 3.96908E-06         153.268         224.259
 260.0     0.82373     0.32615 7.50795E-06         189.710         230.307
 280.0     0.94959     0.30142 1.45593E-05         226.724         238.760
 300.0     1.00584     0.26764 1.90819E-05         251.768         250.306
 320.0     1.00702     0.23181 1.14061E-04         264.394         262.550
 340.0     0.99981     0.20603 1.99708E-03         271.313         271.364
 360.0     0.98642     0.18682 7.47152E-02         274.154         277.928
 380.0     0.98092     0.17529 2.89513E-01         276.493         281.870
 400.0     0.98167     0.17172 5.08837E-01         277.899         283.089
 420.0     0.98747     0.17402 6.70553E-01         278.767         282.303
 440.0     0.99498     0.17877 7.78154E-01         279.272         280.681
 460.0     1.00307     0.18447 8.49676E-01         279.585         278.730
 480.0     1.01011     0.18946 8.91268E-01         279.828         277.027
 500.0     1.01482     0.19279 9.18847E-01         279.975         275.888
 520.0     1.01816     0.19506 9.40632E-01         280.109         275.112
 540.0     1.01972     0.19608 9.54886E-01         280.183         274.764
 600.0     1.02280     0.19760 9.69314E-01         280.497         274.245
 720.0     1.02323     0.19763 9.64714E-01         280.601         274.232
 850.0     1.02283     0.19806 9.50983E-01         280.345         274.087
1060.0     1.02026     0.19621 9.31156E-01         280.283         274.718
1200.0     1.01732     0.19350 9.14777E-01         280.420         275.645
1400.0     1.02569     0.18983 8.91991E-01         284.013         276.900
1500.0     1.04535     0.18839 8.60395E-01         289.972         277.393
1600.0     1.09030     0.18624 9.47634E-01         303.241         278.125
1800.0     1.33139     0.18360 8.66125E-01         371.494         279.028
2000.0     2.03824     0.18182 9.13792E-01         569.969         279.637
 
 6200          19
 TGO        SEFF         PALB    FH2O              FTIR(1)         FTSO(1)
 ==================================================
 200.0     0.41416     0.36233 1.65680E-06          90.262         217.942
 220.0     0.54015     0.35831 3.73017E-06         118.465         219.316
 240.0     0.68934     0.34946 3.96908E-06         153.268         222.342
 260.0     0.83200     0.33286 7.50795E-06         189.710         228.016
 280.0     0.96055     0.30940 1.45593E-05         226.724         236.034
 300.0     1.01918     0.27722 1.90819E-05         251.768         247.031
 320.0     1.02175     0.24289 1.14061E-04         264.394         258.766
 340.0     1.01510     0.21799 1.99708E-03         271.313         267.276
 360.0     1.00213     0.19957 7.47152E-02         274.154         273.570
 380.0     0.99740     0.18891 2.89513E-01         276.493         277.213
 400.0     0.99935     0.18637 5.08837E-01         277.899         278.081
 420.0     1.00666     0.18976 6.70553E-01         278.767         276.922
 440.0     1.01568     0.19550 7.78154E-01         279.272         274.960
 460.0     1.02512     0.20202 8.49676E-01         279.585         272.735
 480.0     1.03323     0.20759 8.91268E-01         279.828         270.830
 500.0     1.03865     0.21131 9.18847E-01         279.975         269.557
 520.0     1.04248     0.21383 9.40632E-01         280.109         268.696
 540.0     1.04429     0.21499 9.54886E-01         280.183         268.301
 600.0     1.04774     0.21670 9.69314E-01         280.497         267.716
 720.0     1.04822     0.21677 9.64714E-01         280.601         267.693
 850.0     1.04785     0.21721 9.50983E-01         280.345         267.542
1060.0     1.04512     0.21533 9.31156E-01         280.283         268.183
1200.0     1.04198     0.21259 9.14777E-01         280.420         269.121
1400.0     1.05039     0.20888 8.91991E-01         284.013         270.389
1500.0     1.07044     0.20741 8.60395E-01         289.972         270.891
1600.0     1.11632     0.20521 9.47634E-01         303.241         271.644
1800.0     1.36290     0.20248 8.66125E-01         371.494         272.575
2000.0     2.08624     0.20064 9.13792E-01         569.969         273.203
 
 6400          20
 TGO        SEFF         PALB    FH2O              FTIR(1)         FTSO(1)
 ==================================================
 200.0     0.41729     0.36712 1.65680E-06          90.262         216.305
 220.0     0.54434     0.36325 3.73017E-06         118.465         217.629
 240.0     0.69528     0.35502 3.96908E-06         153.268         220.441
 260.0     0.84031     0.33945 7.50795E-06         189.710         225.763
 280.0     0.97154     0.31720 1.45593E-05         226.724         233.366
 300.0     1.03254     0.28657 1.90819E-05         251.768         243.835
 320.0     1.03655     0.25369 1.14061E-04         264.394         255.072
 340.0     1.03054     0.22970 1.99708E-03         271.313         263.272
 360.0     1.01808     0.21211 7.47152E-02         274.154         269.286
 380.0     1.01420     0.20235 2.89513E-01         276.493         272.621
 400.0     1.01744     0.20084 5.08837E-01         277.899         273.136
 420.0     1.02636     0.20531 6.70553E-01         278.767         271.607
 440.0     1.03698     0.21203 7.78154E-01         279.272         269.312
 460.0     1.04785     0.21932 8.49676E-01         279.585         266.819
 480.0     1.05708     0.22547 8.91268E-01         279.828         264.718
 500.0     1.06326     0.22957 9.18847E-01         279.975         263.317
 520.0     1.06760     0.23233 9.40632E-01         280.109         262.373
 540.0     1.06968     0.23362 9.54886E-01         280.183         261.931
 600.0     1.07353     0.23552 9.69314E-01         280.497         261.284
 720.0     1.07407     0.23562 9.64714E-01         280.601         261.250
 850.0     1.07373     0.23607 9.50983E-01         280.345         261.094
1060.0     1.07083     0.23418 9.31156E-01         280.283         261.743
1200.0     1.06750     0.23141 9.14777E-01         280.420         262.690
1400.0     1.07594     0.22767 8.91991E-01         284.013         263.967
1500.0     1.09641     0.22618 8.60395E-01         289.972         264.475
1600.0     1.14324     0.22392 9.47634E-01         303.241         265.247
1800.0     1.39552     0.22112 8.66125E-01         371.494         266.205
2000.0     2.13592     0.21923 9.13792E-01         569.969         266.850
 
 6600          21
 TGO        SEFF         PALB    FH2O              FTIR(1)         FTSO(1)
 ==================================================
 200.0     0.42037     0.37176 1.65680E-06          90.262         214.719
 220.0     0.54845     0.36801 3.73017E-06         118.465         216.000
 240.0     0.70107     0.36035 3.96908E-06         153.268         218.619
 260.0     0.84837     0.34572 7.50795E-06         189.710         223.619
 280.0     0.98219     0.32461 1.45593E-05         226.724         230.834
 300.0     1.04551     0.29543 1.90819E-05         251.768         240.808
 320.0     1.05096     0.26393 1.14061E-04         264.394         251.574
 340.0     1.04564     0.24083 1.99708E-03         271.313         259.469
 360.0     1.03374     0.22404 7.47152E-02         274.154         265.207
 380.0     1.03076     0.21516 2.89513E-01         276.493         268.242
 400.0     1.03532     0.21465 5.08837E-01         277.899         268.418
 420.0     1.04587     0.22014 6.70553E-01         278.767         266.541
 440.0     1.05812     0.22777 7.78154E-01         279.272         263.933
 460.0     1.07043     0.23579 8.49676E-01         279.585         261.190
 480.0     1.08080     0.24247 8.91268E-01         279.828         258.907
 500.0     1.08776     0.24692 9.18847E-01         279.975         257.387
 520.0     1.09262     0.24991 9.40632E-01         280.109         256.366
 540.0     1.09497     0.25133 9.54886E-01         280.183         255.881
 600.0     1.09924     0.25340 9.69314E-01         280.497         255.174
 720.0     1.09983     0.25352 9.64714E-01         280.601         255.131
 850.0     1.09952     0.25399 9.50983E-01         280.345         254.970
1060.0     1.09646     0.25207 9.31156E-01         280.283         255.626
1200.0     1.09292     0.24928 9.14777E-01         280.420         256.580
1400.0     1.10141     0.24553 8.91991E-01         284.013         257.864
1500.0     1.12228     0.24402 8.60395E-01         289.972         258.378
1600.0     1.17006     0.24171 9.47634E-01         303.241         259.166
1800.0     1.42801     0.23884 8.66125E-01         371.494         260.147
2000.0     2.18540     0.23691 9.13792E-01         569.969         260.807
 
 6800          22
 TGO        SEFF         PALB    FH2O              FTIR(1)         FTSO(1)
 ==================================================
 200.0     0.42333     0.37616 1.65680E-06          90.262         213.216
 220.0     0.55239     0.37252 3.73017E-06         118.465         214.459
 240.0     0.70662     0.36537 3.96908E-06         153.268         216.904
 260.0     0.85606     0.35160 7.50795E-06         189.710         221.609
 280.0     0.99236     0.33153 1.45593E-05         226.724         228.468
 300.0     1.05791     0.30369 1.90819E-05         251.768         237.986
 320.0     1.06477     0.27347 1.14061E-04         264.394         248.312
 340.0     1.06014     0.25121 1.99708E-03         271.313         255.922
 360.0     1.04879     0.23518 7.47152E-02         274.154         261.399
 380.0     1.04670     0.22711 2.89513E-01         276.493         264.156
 400.0     1.05256     0.22751 5.08837E-01         277.899         264.023
 420.0     1.06469     0.23392 6.70553E-01         278.767         261.829
 440.0     1.07852     0.24238 7.78154E-01         279.272         258.939
 460.0     1.09225     0.25106 8.49676E-01         279.585         255.972
 480.0     1.10375     0.25822 8.91268E-01         279.828         253.524
 500.0     1.11147     0.26299 9.18847E-01         279.975         251.896
 520.0     1.11684     0.26618 9.40632E-01         280.109         250.805
 540.0     1.11947     0.26771 9.54886E-01         280.183         250.281
 600.0     1.12414     0.26993 9.69314E-01         280.497         249.522
 720.0     1.12478     0.27008 9.64714E-01         280.601         249.471
 850.0     1.12451     0.27057 9.50983E-01         280.345         249.305
1060.0     1.12128     0.26863 9.31156E-01         280.283         249.968
1200.0     1.11753     0.26582 9.14777E-01         280.420         250.929
1400.0     1.12605     0.26204 8.91991E-01         284.013         252.219
1500.0     1.14732     0.26052 8.60395E-01         289.972         252.738
1600.0     1.19602     0.25817 9.47634E-01         303.241         253.542
1800.0     1.45944     0.25524 8.66125E-01         371.494         254.545
2000.0     2.23326     0.25326 9.13792E-01         569.969         255.219
 
 7000          23
 TGO        SEFF         PALB    FH2O              FTIR(1)         FTSO(1)
 ==================================================
 200.0     0.42564     0.37954 1.65680E-06          90.262         212.059
 220.0     0.55547     0.37600 3.73017E-06         118.465         213.270
 240.0     0.71099     0.36927 3.96908E-06         153.268         215.571
 260.0     0.86220     0.35622 7.50795E-06         189.710         220.032
 280.0     1.00058     0.33702 1.45593E-05         226.724         226.591
 300.0     1.06804     0.31029 1.90819E-05         251.768         235.729
 320.0     1.07609     0.28112 1.14061E-04         264.394         245.699
 340.0     1.07200     0.25949 1.99708E-03         271.313         253.089
 360.0     1.06104     0.24401 7.47152E-02         274.154         258.382
 380.0     1.05957     0.23650 2.89513E-01         276.493         260.948
 400.0     1.06639     0.23752 5.08837E-01         277.899         260.599
 420.0     1.07974     0.24460 6.70553E-01         278.767         258.181
 440.0     1.09482     0.25365 7.78154E-01         279.272         255.085
 460.0     1.10968     0.26283 8.49676E-01         279.585         251.951
 480.0     1.12210     0.27035 8.91268E-01         279.828         249.378
 500.0     1.13045     0.27536 9.18847E-01         279.975         247.668
 520.0     1.13623     0.27870 9.40632E-01         280.109         246.524
 540.0     1.13908     0.28032 9.54886E-01         280.183         245.973
 600.0     1.14407     0.28265 9.69314E-01         280.497         245.175
 720.0     1.14475     0.28281 9.64714E-01         280.601         245.120
 850.0     1.14450     0.28331 9.50983E-01         280.345         244.949
1060.0     1.14112     0.28135 9.31156E-01         280.283         245.621
1200.0     1.13718     0.27850 9.14777E-01         280.420         246.593
1400.0     1.14569     0.27469 8.91991E-01         284.013         247.896
1500.0     1.16726     0.27315 8.60395E-01         289.972         248.421
1600.0     1.21666     0.27075 9.47634E-01         303.241         249.242
1800.0     1.48440     0.26776 8.66125E-01         371.494         250.265
2000.0     2.27121     0.26574 9.13792E-01         569.969         250.954
 
 7200          24
 TGO        SEFF         PALB    FH2O              FTIR(1)         FTSO(1)
 ==================================================
 200.0     0.42825     0.38332 1.65680E-06          90.262         210.770
 220.0     0.55892     0.37986 3.73017E-06         118.465         211.952
 240.0     0.71581     0.37352 3.96908E-06         153.268         214.118
 260.0     0.86884     0.36114 7.50795E-06         189.710         218.349
 280.0     1.00931     0.34276 1.45593E-05         226.724         224.633
 300.0     1.07863     0.31706 1.90819E-05         251.768         233.414
 320.0     1.08789     0.28892 1.14061E-04         264.394         243.034
 340.0     1.08444     0.26798 1.99708E-03         271.313         250.188
 360.0     1.07401     0.25314 7.47152E-02         274.154         255.261
 380.0     1.07338     0.24632 2.89513E-01         276.493         257.592
 400.0     1.08137     0.24809 5.08837E-01         277.899         256.987
 420.0     1.09615     0.25591 6.70553E-01         278.767         254.315
 440.0     1.11265     0.26562 7.78154E-01         279.272         250.997
 460.0     1.12878     0.27530 8.49676E-01         279.585         247.687
 480.0     1.14221     0.28320 8.91268E-01         279.828         244.988
 500.0     1.15124     0.28844 9.18847E-01         279.975         243.195
 520.0     1.15749     0.29195 9.40632E-01         280.109         241.998
 540.0     1.16058     0.29365 9.54886E-01         280.183         241.416
 600.0     1.16593     0.29610 9.69314E-01         280.497         240.578
 720.0     1.16666     0.29628 9.64714E-01         280.601         240.517
 850.0     1.16644     0.29679 9.50983E-01         280.345         240.343
1060.0     1.16291     0.29481 9.31156E-01         280.283         241.019
1200.0     1.15879     0.29196 9.14777E-01         280.420         241.994
1400.0     1.16733     0.28814 8.91991E-01         284.013         243.300
1500.0     1.18925     0.28659 8.60395E-01         289.972         243.828
1600.0     1.23945     0.28416 9.47634E-01         303.241         244.658
1800.0     1.51200     0.28112 8.66125E-01         371.494         245.697
2000.0     2.31324     0.27908 9.13792E-01         569.969         246.395
 
