     1 -6.021314
     2 -4.589537
     3 -4.747058
     4 -4.750177
     5 -4.750178
     6 -4.750178
     7 -4.750178
     8 -4.750178
     9 -4.750178
    10 -4.750178
    11 -4.750178
    12 -4.750178
    13 -4.750178
    14 -4.750178
    15 -4.750178
    16 -4.750178
    17 -4.750178
    18 -4.750178
    19 -4.750178
    20 -4.750178
    21 -4.750178
    22 -4.750178
    23 -4.750178
    24 -4.750178
    25 -4.750178
    26 -4.750178
    27 -4.750178
    28 -4.750178
    29 -4.750178
    30 -4.750178
    31 -4.750178
    32 -4.750178
    33 -4.750178
    34 -4.750178
    35 -4.750178
    36 -4.750178
    37 -4.750178
    38 -4.750178
    39 -4.750178
    40 -4.750178
    41 -4.750178
    42 -4.750178
    43 -4.750178
    44 -4.750178
    45 -4.750178
    46 -4.750178
    47 -4.750178
    48 -4.750178
    49 -4.750178
    50 -4.750178
    51 -4.750178
    52 -4.750178
    53 -4.750178
    54 -4.750178
    55 -4.750178
    56 -4.750178
    57 -4.750178
    58 -4.750178
    59 -4.750178
    60 -4.750178
    61 -4.750178
    62 -4.750178
    63 -4.750178
    64 -4.750178
    65 -4.750178
    66 -4.750178
    67 -4.750178
    68 -4.750178
    69 -4.750178
    70 -4.750178
    71 -4.750178
    72 -4.750178
    73 -4.750178
    74 -4.750178
    75 -4.750178
    76 -4.750178
    77 -4.750178
    78 -4.750178
    79 -4.750178
    80 -4.750178
    81 -4.750178
    82 -4.750178
    83 -4.750178
    84 -4.750178
    85 -4.750178
    86 -4.750178
    87 -4.750178
    88 -4.750178
    89 -4.750178
    90 -4.750178
    91 -4.750178
    92 -4.750178
    93 -4.750178
    94 -4.750178
    95 -4.750178
    96 -4.750178
    97 -4.750178
    98 -4.750178
    99 -4.750178
   100 -4.750178
